Two_theta	Counts
15	81
15.0119	93
15.0239	66
15.0358	67
15.0478	77
15.0597	76
15.0716	84
15.0836	79
15.0955	68
15.1075	74
15.1194	63
15.1313	94
15.1433	79
15.1552	67
15.1672	65
15.1791	71
15.191	70
15.203	93
15.2149	80
15.2269	63
15.2388	73
15.2507	80
15.2627	70
15.2746	69
15.2866	75
15.2985	84
15.3104	68
15.3224	76
15.3343	70
15.3463	81
15.3582	78
15.3701	54
15.3821	80
15.394	67
15.406	67
15.4179	86
15.4299	73
15.4418	70
15.4537	73
15.4657	63
15.4776	60
15.4896	78
15.5015	74
15.5134	66
15.5254	64
15.5373	69
15.5493	68
15.5612	69
15.5731	63
15.5851	73
15.597	62
15.609	72
15.6209	66
15.6328	64
15.6448	68
15.6567	73
15.6687	79
15.6806	76
15.6925	71
15.7045	70
15.7164	72
15.7284	65
15.7403	84
15.7522	61
15.7642	72
15.7761	80
15.7881	68
15.8	66
15.8119	81
15.8239	65
15.8358	83
15.8478	64
15.8597	64
15.8716	73
15.8836	60
15.8955	66
15.9075	56
15.9194	66
15.9313	61
15.9433	63
15.9552	59
15.9672	62
15.9791	67
15.991	74
16.003	67
16.0149	75
16.0269	64
16.0388	74
16.0507	63
16.0627	64
16.0746	59
16.0866	66
16.0985	54
16.1104	71
16.1224	59
16.1343	71
16.1463	60
16.1582	57
16.1702	50
16.1821	72
16.194	59
16.206	52
16.2179	64
16.2299	70
16.2418	68
16.2537	73
16.2657	68
16.2776	71
16.2896	74
16.3015	64
16.3134	55
16.3254	71
16.3373	56
16.3493	51
16.3612	61
16.3731	47
16.3851	52
16.397	61
16.409	54
16.4209	56
16.4328	61
16.4448	66
16.4567	66
16.4687	75
16.4806	54
16.4925	62
16.5045	64
16.5164	63
16.5284	57
16.5403	71
16.5522	59
16.5642	71
16.5761	76
16.5881	59
16.6	64
16.6119	62
16.6239	67
16.6358	59
16.6478	67
16.6597	47
16.6716	70
16.6836	64
16.6955	65
16.7075	60
16.7194	77
16.7313	65
16.7433	77
16.7552	50
16.7672	67
16.7791	56
16.791	60
16.803	56
16.8149	65
16.8269	61
16.8388	67
16.8507	65
16.8627	50
16.8746	53
16.8866	61
16.8985	59
16.9105	40
16.9224	55
16.9343	71
16.9463	82
16.9582	61
16.9702	71
16.9821	75
16.994	72
17.006	63
17.0179	67
17.0299	51
17.0418	62
17.0537	64
17.0657	60
17.0776	47
17.0896	49
17.1015	56
17.1134	64
17.1254	61
17.1373	68
17.1493	55
17.1612	72
17.1731	53
17.1851	65
17.197	60
17.209	71
17.2209	56
17.2328	63
17.2448	55
17.2567	62
17.2687	61
17.2806	49
17.2925	83
17.3045	50
17.3164	49
17.3284	61
17.3403	68
17.3522	60
17.3642	57
17.3761	54
17.3881	69
17.4	42
17.4119	62
17.4239	64
17.4358	48
17.4478	58
17.4597	58
17.4716	66
17.4836	42
17.4955	71
17.5075	56
17.5194	70
17.5313	66
17.5433	65
17.5552	51
17.5672	48
17.5791	72
17.591	62
17.603	70
17.6149	63
17.6269	75
17.6388	47
17.6508	50
17.6627	67
17.6746	53
17.6866	50
17.6985	54
17.7105	56
17.7224	61
17.7343	70
17.7463	54
17.7582	59
17.7702	52
17.7821	61
17.794	61
17.806	56
17.8179	73
17.8299	56
17.8418	66
17.8537	57
17.8657	54
17.8776	50
17.8896	72
17.9015	55
17.9134	61
17.9254	63
17.9373	53
17.9493	57
17.9612	52
17.9731	69
17.9851	56
17.997	53
18.009	62
18.0209	51
18.0328	63
18.0448	48
18.0567	52
18.0687	55
18.0806	67
18.0925	61
18.1045	59
18.1164	63
18.1284	75
18.1403	58
18.1522	68
18.1642	64
18.1761	68
18.1881	57
18.2	61
18.2119	62
18.2239	61
18.2358	55
18.2478	57
18.2597	48
18.2716	64
18.2836	66
18.2955	52
18.3075	63
18.3194	55
18.3313	59
18.3433	55
18.3552	66
18.3672	61
18.3791	55
18.3911	50
18.403	50
18.4149	64
18.4269	71
18.4388	49
18.4508	67
18.4627	60
18.4746	59
18.4866	54
18.4985	64
18.5105	65
18.5224	49
18.5343	60
18.5463	70
18.5582	62
18.5702	60
18.5821	59
18.594	41
18.606	54
18.6179	55
18.6299	78
18.6418	55
18.6537	67
18.6657	62
18.6776	55
18.6896	63
18.7015	64
18.7134	62
18.7254	60
18.7373	70
18.7493	71
18.7612	63
18.7731	56
18.7851	61
18.797	65
18.809	83
18.8209	67
18.8328	53
18.8448	60
18.8567	79
18.8687	67
18.8806	66
18.8925	69
18.9045	70
18.9164	59
18.9284	72
18.9403	51
18.9522	69
18.9642	75
18.9761	82
18.9881	77
19	78
19.0119	71
19.0239	63
19.0358	71
19.0478	75
19.0597	67
19.0716	67
19.0836	82
19.0955	64
19.1075	81
19.1194	63
19.1314	50
19.1433	68
19.1552	60
19.1672	55
19.1791	71
19.1911	68
19.203	65
19.2149	58
19.2269	50
19.2388	73
19.2508	65
19.2627	56
19.2746	78
19.2866	69
19.2985	76
19.3105	56
19.3224	57
19.3343	63
19.3463	58
19.3582	60
19.3702	58
19.3821	56
19.394	78
19.406	73
19.4179	72
19.4299	65
19.4418	66
19.4537	64
19.4657	69
19.4776	63
19.4896	76
19.5015	69
19.5134	76
19.5254	64
19.5373	70
19.5493	65
19.5612	71
19.5731	77
19.5851	76
19.597	68
19.609	85
19.6209	58
19.6328	63
19.6448	77
19.6567	75
19.6687	71
19.6806	70
19.6925	72
19.7045	84
19.7164	78
19.7284	66
19.7403	85
19.7522	71
19.7642	88
19.7761	65
19.7881	85
19.8	70
19.8119	69
19.8239	74
19.8358	80
19.8478	64
19.8597	69
19.8717	88
19.8836	79
19.8955	63
19.9075	76
19.9194	76
19.9314	75
19.9433	69
19.9552	75
19.9672	69
19.9791	81
19.9911	80
20.003	81
20.0149	78
20.0269	101
20.0388	83
20.0508	89
20.0627	72
20.0746	98
20.0866	82
20.0985	86
20.1105	89
20.1224	90
20.1343	91
20.1463	76
20.1582	108
20.1702	83
20.1821	76
20.194	77
20.206	104
20.2179	75
20.2299	67
20.2418	84
20.2537	86
20.2657	94
20.2776	100
20.2896	94
20.3015	82
20.3134	106
20.3254	93
20.3373	110
20.3493	85
20.3612	107
20.3731	95
20.3851	78
20.397	83
20.409	79
20.4209	94
20.4328	103
20.4448	96
20.4567	78
20.4687	93
20.4806	102
20.4925	106
20.5045	98
20.5164	81
20.5284	100
20.5403	85
20.5522	83
20.5642	98
20.5761	99
20.5881	93
20.6	95
20.612	83
20.6239	113
20.6358	96
20.6478	102
20.6597	76
20.6717	78
20.6836	87
20.6955	101
20.7075	82
20.7194	108
20.7314	87
20.7433	97
20.7552	99
20.7672	92
20.7791	69
20.7911	76
20.803	74
20.8149	87
20.8269	79
20.8388	77
20.8508	85
20.8627	68
20.8746	72
20.8866	87
20.8985	77
20.9105	90
20.9224	71
20.9343	81
20.9463	91
20.9582	70
20.9702	65
20.9821	88
20.994	87
21.006	88
21.0179	75
21.0299	72
21.0418	71
21.0537	79
21.0657	85
21.0776	89
21.0896	77
21.1015	74
21.1134	78
21.1254	94
21.1373	83
21.1493	80
21.1612	96
21.1731	76
21.1851	97
21.197	83
21.209	91
21.2209	82
21.2328	62
21.2448	84
21.2567	79
21.2687	78
21.2806	79
21.2925	72
21.3045	87
21.3164	98
21.3284	94
21.3403	96
21.3523	80
21.3642	73
21.3761	82
21.3881	86
21.4	98
21.412	99
21.4239	75
21.4358	81
21.4478	97
21.4597	96
21.4717	93
21.4836	110
21.4955	76
21.5075	91
21.5194	103
21.5314	92
21.5433	83
21.5552	89
21.5672	118
21.5791	93
21.5911	113
21.603	106
21.6149	104
21.6269	109
21.6388	104
21.6508	90
21.6627	109
21.6746	99
21.6866	95
21.6985	108
21.7105	123
21.7224	120
21.7343	117
21.7463	103
21.7582	102
21.7702	118
21.7821	111
21.794	105
21.806	114
21.8179	110
21.8299	122
21.8418	115
21.8537	119
21.8657	125
21.8776	122
21.8896	117
21.9015	108
21.9134	117
21.9254	141
21.9373	114
21.9493	129
21.9612	142
21.9731	108
21.9851	113
21.997	117
22.009	134
22.0209	109
22.0328	92
22.0448	124
22.0567	120
22.0687	106
22.0806	114
22.0926	91
22.1045	103
22.1164	112
22.1284	94
22.1403	80
22.1523	113
22.1642	98
22.1761	109
22.1881	83
22.2	107
22.212	126
22.2239	105
22.2358	91
22.2478	114
22.2597	91
22.2717	108
22.2836	85
22.2955	91
22.3075	100
22.3194	90
22.3314	88
22.3433	102
22.3552	111
22.3672	85
22.3791	100
22.3911	111
22.403	90
22.4149	99
22.4269	99
22.4388	95
22.4508	112
22.4627	98
22.4746	94
22.4866	106
22.4985	92
22.5105	98
22.5224	104
22.5343	97
22.5463	90
22.5582	95
22.5702	83
22.5821	78
22.594	93
22.606	84
22.6179	116
22.6299	103
22.6418	87
22.6537	79
22.6657	97
22.6776	92
22.6896	92
22.7015	100
22.7134	98
22.7254	92
22.7373	103
22.7493	93
22.7612	77
22.7731	77
22.7851	74
22.797	105
22.809	91
22.8209	93
22.8328	84
22.8448	82
22.8567	98
22.8687	81
22.8806	77
22.8926	96
22.9045	81
22.9164	92
22.9284	88
22.9403	88
22.9523	114
22.9642	107
22.9761	94
22.9881	80
23	80
23.012	77
23.0239	82
23.0358	94
23.0478	96
23.0597	86
23.0717	87
23.0836	87
23.0955	104
23.1075	85
23.1194	85
23.1314	89
23.1433	73
23.1552	93
23.1672	75
23.1791	84
23.1911	84
23.203	72
23.2149	91
23.2269	94
23.2388	100
23.2508	95
23.2627	82
23.2746	85
23.2866	84
23.2985	84
23.3105	79
23.3224	95
23.3343	90
23.3463	80
23.3582	57
23.3702	91
23.3821	92
23.394	87
23.406	60
23.4179	91
23.4299	73
23.4418	79
23.4537	76
23.4657	70
23.4776	62
23.4896	82
23.5015	61
23.5134	72
23.5254	74
23.5373	69
23.5493	86
23.5612	77
23.5731	79
23.5851	60
23.597	61
23.609	67
23.6209	65
23.6329	73
23.6448	83
23.6567	77
23.6687	78
23.6806	72
23.6926	67
23.7045	75
23.7164	65
23.7284	73
23.7403	60
23.7523	79
23.7642	74
23.7761	69
23.7881	67
23.8	79
23.812	83
23.8239	62
23.8358	70
23.8478	69
23.8597	71
23.8717	74
23.8836	64
23.8955	66
23.9075	70
23.9194	64
23.9314	77
23.9433	82
23.9552	76
23.9672	69
23.9791	73
23.9911	62
24.003	65
24.0149	85
24.0269	69
24.0388	71
24.0508	69
24.0627	62
24.0746	64
24.0866	59
24.0985	68
24.1105	65
24.1224	73
24.1343	61
24.1463	78
24.1582	77
24.1702	52
24.1821	70
24.194	67
24.206	63
24.2179	91
24.2299	85
24.2418	79
24.2537	76
24.2657	69
24.2776	78
24.2896	73
24.3015	67
24.3134	72
24.3254	71
24.3373	65
24.3493	72
24.3612	76
24.3732	88
24.3851	64
24.397	78
24.409	84
24.4209	80
24.4329	75
24.4448	74
24.4567	97
24.4687	82
24.4806	61
24.4926	72
24.5045	81
24.5164	88
24.5284	76
24.5403	88
24.5523	71
24.5642	67
24.5761	62
24.5881	91
24.6	84
24.612	89
24.6239	66
24.6358	83
24.6478	76
24.6597	86
24.6717	53
24.6836	73
24.6955	60
24.7075	79
24.7194	78
24.7314	81
24.7433	84
24.7552	97
24.7672	67
24.7791	80
24.7911	69
24.803	87
24.8149	98
24.8269	84
24.8388	71
24.8508	90
24.8627	81
24.8746	92
24.8866	71
24.8985	75
24.9105	69
24.9224	80
24.9343	76
24.9463	93
24.9582	79
24.9702	84
24.9821	82
24.994	82
25.006	72
25.0179	80
25.0299	63
25.0418	79
25.0537	79
25.0657	78
25.0776	99
25.0896	75
25.1015	68
25.1135	81
25.1254	78
25.1373	90
25.1493	69
25.1612	65
25.1732	99
25.1851	82
25.197	94
25.209	84
25.2209	78
25.2329	75
25.2448	93
25.2567	70
25.2687	83
25.2806	87
25.2926	85
25.3045	82
25.3164	94
25.3284	72
25.3403	77
25.3523	71
25.3642	92
25.3761	86
25.3881	97
25.4	92
25.412	87
25.4239	84
25.4358	103
25.4478	102
25.4597	88
25.4717	85
25.4836	86
25.4955	98
25.5075	88
25.5194	100
25.5314	110
25.5433	102
25.5552	96
25.5672	88
25.5791	82
25.5911	107
25.603	109
25.6149	103
25.6269	99
25.6388	104
25.6508	100
25.6627	109
25.6746	98
25.6866	115
25.6985	103
25.7105	98
25.7224	106
25.7343	124
25.7463	132
25.7582	101
25.7702	108
25.7821	101
25.794	117
25.806	113
25.8179	109
25.8299	120
25.8418	111
25.8538	94
25.8657	115
25.8776	114
25.8896	110
25.9015	112
25.9135	126
25.9254	94
25.9373	99
25.9493	115
25.9612	95
25.9732	122
25.9851	136
25.997	120
26.009	129
26.0209	102
26.0329	121
26.0448	123
26.0567	120
26.0687	133
26.0806	120
26.0926	133
26.1045	119
26.1164	120
26.1284	112
26.1403	138
26.1523	127
26.1642	127
26.1761	132
26.1881	121
26.2	141
26.212	131
26.2239	127
26.2358	125
26.2478	115
26.2597	124
26.2717	141
26.2836	127
26.2955	135
26.3075	128
26.3194	119
26.3314	118
26.3433	142
26.3552	132
26.3672	139
26.3791	111
26.3911	105
26.403	111
26.4149	125
26.4269	122
26.4388	116
26.4508	151
26.4627	118
26.4746	135
26.4866	119
26.4985	122
26.5105	101
26.5224	102
26.5343	118
26.5463	115
26.5582	106
26.5702	91
26.5821	118
26.5941	84
26.606	88
26.6179	99
26.6299	126
26.6418	89
26.6538	110
26.6657	112
26.6776	104
26.6896	98
26.7015	85
26.7135	85
26.7254	96
26.7373	111
26.7493	106
26.7612	96
26.7732	110
26.7851	85
26.797	101
26.809	86
26.8209	85
26.8329	90
26.8448	83
26.8567	86
26.8687	84
26.8806	99
26.8926	91
26.9045	92
26.9164	87
26.9284	93
26.9403	88
26.9523	89
26.9642	88
26.9761	79
26.9881	65
27	77
27.012	65
27.0239	76
27.0358	81
27.0478	69
27.0597	68
27.0717	69
27.0836	54
27.0955	75
27.1075	81
27.1194	87
27.1314	88
27.1433	79
27.1552	74
27.1672	83
27.1791	66
27.1911	62
27.203	95
27.2149	84
27.2269	81
27.2388	79
27.2508	72
27.2627	58
27.2746	60
27.2866	83
27.2985	84
27.3105	71
27.3224	78
27.3344	72
27.3463	70
27.3582	62
27.3702	89
27.3821	76
27.3941	79
27.406	84
27.4179	69
27.4299	67
27.4418	79
27.4538	82
27.4657	76
27.4776	76
27.4896	77
27.5015	72
27.5135	72
27.5254	61
27.5373	83
27.5493	70
27.5612	69
27.5732	54
27.5851	76
27.597	66
27.609	67
27.6209	76
27.6329	70
27.6448	78
27.6567	74
27.6687	86
27.6806	79
27.6926	75
27.7045	84
27.7164	73
27.7284	69
27.7403	70
27.7523	85
27.7642	90
27.7761	72
27.7881	84
27.8	84
27.812	84
27.8239	84
27.8358	78
27.8478	74
27.8597	70
27.8717	68
27.8836	85
27.8955	75
27.9075	68
27.9194	80
27.9314	71
27.9433	69
27.9552	66
27.9672	74
27.9791	77
27.9911	63
28.003	83
28.0149	72
28.0269	73
28.0388	72
28.0508	74
28.0627	72
28.0747	73
28.0866	74
28.0985	73
28.1105	61
28.1224	75
28.1344	81
28.1463	69
28.1582	71
28.1702	68
28.1821	60
28.1941	68
28.206	77
28.2179	77
28.2299	67
28.2418	59
28.2538	68
28.2657	71
28.2776	68
28.2896	70
28.3015	72
28.3135	74
28.3254	76
28.3373	67
28.3493	70
28.3612	72
28.3732	74
28.3851	90
28.397	63
28.409	65
28.4209	78
28.4329	66
28.4448	56
28.4567	83
28.4687	83
28.4806	75
28.4926	79
28.5045	81
28.5164	60
28.5284	58
28.5403	73
28.5523	71
28.5642	79
28.5761	72
28.5881	57
28.6	77
28.612	71
28.6239	72
28.6358	76
28.6478	70
28.6597	60
28.6717	82
28.6836	61
28.6955	70
28.7075	74
28.7194	78
28.7314	63
28.7433	81
28.7552	67
28.7672	80
28.7791	74
28.7911	74
28.803	73
28.815	68
28.8269	62
28.8388	64
28.8508	73
28.8627	64
28.8747	65
28.8866	86
28.8985	76
28.9105	74
28.9224	62
28.9344	69
28.9463	78
28.9582	51
28.9702	62
28.9821	65
28.9941	63
29.006	52
29.0179	59
29.0299	60
29.0418	80
29.0538	77
29.0657	75
29.0776	62
29.0896	69
29.1015	65
29.1135	64
29.1254	76
29.1373	84
29.1493	81
29.1612	65
29.1732	72
29.1851	68
29.197	76
29.209	77
29.2209	73
29.2329	87
29.2448	65
29.2567	87
29.2687	63
29.2806	82
29.2926	86
29.3045	69
29.3164	74
29.3284	82
29.3403	56
29.3523	76
29.3642	73
29.3761	53
29.3881	77
29.4	85
29.412	77
29.4239	83
29.4358	64
29.4478	63
29.4597	62
29.4717	73
29.4836	78
29.4955	70
29.5075	77
29.5194	63
29.5314	64
29.5433	57
29.5553	86
29.5672	75
29.5791	71
29.5911	85
29.603	80
29.615	79
29.6269	80
29.6388	67
29.6508	85
29.6627	73
29.6747	70
29.6866	71
29.6985	58
29.7105	69
29.7224	71
29.7344	69
29.7463	57
29.7582	72
29.7702	52
29.7821	76
29.7941	89
29.806	73
29.8179	60
29.8299	58
29.8418	72
29.8538	62
29.8657	78
29.8776	63
29.8896	67
29.9015	64
29.9135	77
29.9254	61
29.9373	54
29.9493	53
29.9612	63
29.9732	66
29.9851	61
29.997	49
30.009	56
30.0209	62
30.0329	67
30.0448	83
30.0567	58
30.0687	71
30.0806	62
30.0926	68
30.1045	72
30.1164	72
30.1284	63
30.1403	65
30.1523	53
30.1642	60
30.1761	67
30.1881	60
30.2	65
30.212	67
30.2239	63
30.2358	59
30.2478	64
30.2597	82
30.2717	64
30.2836	71
30.2955	78
30.3075	77
30.3194	68
30.3314	62
30.3433	68
30.3553	50
30.3672	81
30.3791	58
30.3911	72
30.403	81
30.415	67
30.4269	79
30.4388	76
30.4508	63
30.4627	75
30.4747	66
30.4866	83
30.4985	77
30.5105	76
30.5224	80
30.5344	91
30.5463	69
30.5582	66
30.5702	80
30.5821	81
30.5941	66
30.606	55
30.6179	69
30.6299	66
30.6418	74
30.6538	74
30.6657	64
30.6776	69
30.6896	55
30.7015	89
30.7135	79
30.7254	70
30.7373	54
30.7493	68
30.7612	66
30.7732	63
30.7851	63
30.797	56
30.809	86
30.8209	72
30.8329	71
30.8448	68
30.8567	75
30.8687	70
30.8806	58
30.8926	74
30.9045	54
30.9164	67
30.9284	73
30.9403	78
30.9523	54
30.9642	72
30.9761	62
30.9881	70
31	64
31.012	67
31.0239	62
31.0358	65
31.0478	69
31.0597	81
31.0717	80
31.0836	60
31.0956	78
31.1075	72
31.1194	69
31.1314	61
31.1433	82
31.1553	59
31.1672	81
31.1791	66
31.1911	69
31.203	72
31.215	76
31.2269	67
31.2388	76
31.2508	45
31.2627	89
31.2747	84
31.2866	88
31.2985	75
31.3105	77
31.3224	71
31.3344	80
31.3463	80
31.3582	73
31.3702	89
31.3821	62
31.3941	79
31.406	64
31.4179	80
31.4299	73
31.4418	72
31.4538	81
31.4657	67
31.4776	76
31.4896	88
31.5015	77
31.5135	83
31.5254	77
31.5373	70
31.5493	77
31.5612	74
31.5732	66
31.5851	78
31.597	75
31.609	66
31.6209	64
31.6329	73
31.6448	89
31.6567	78
31.6687	60
31.6806	67
31.6926	82
31.7045	68
31.7164	75
31.7284	75
31.7403	81
31.7523	73
31.7642	60
31.7761	90
31.7881	76
31.8	81
31.812	74
31.8239	74
31.8359	76
31.8478	87
31.8597	91
31.8717	105
31.8836	97
31.8956	91
31.9075	81
31.9194	89
31.9314	89
31.9433	91
31.9553	65
31.9672	95
31.9791	103
31.9911	89
32.003	91
32.015	99
32.0269	86
32.0388	105
32.0508	102
32.0627	114
32.0747	97
32.0866	95
32.0985	92
32.1105	127
32.1224	94
32.1344	102
32.1463	114
32.1582	115
32.1702	140
32.1821	131
32.1941	138
32.206	112
32.2179	140
32.2299	158
32.2418	175
32.2538	165
32.2657	194
32.2776	230
32.2896	243
32.3015	243
32.3135	295
32.3254	340
32.3373	356
32.3493	357
32.3612	413
32.3732	456
32.3851	453
32.397	463
32.409	470
32.4209	496
32.4329	500
32.4448	550
32.4567	516
32.4687	499
32.4806	507
32.4926	449
32.5045	388
32.5164	406
32.5284	360
32.5403	304
32.5523	319
32.5642	273
32.5762	249
32.5881	256
32.6	223
32.612	196
32.6239	173
32.6359	165
32.6478	161
32.6597	132
32.6717	156
32.6836	146
32.6956	129
32.7075	142
32.7194	129
32.7314	110
32.7433	114
32.7553	106
32.7672	124
32.7791	120
32.7911	109
32.803	103
32.815	100
32.8269	116
32.8388	96
32.8508	112
32.8627	86
32.8747	107
32.8866	112
32.8985	106
32.9105	95
32.9224	103
32.9344	110
32.9463	100
32.9582	91
32.9702	108
32.9821	99
32.9941	98
33.006	127
33.0179	95
33.0299	124
33.0418	107
33.0538	102
33.0657	128
33.0776	117
33.0896	122
33.1015	136
33.1135	104
33.1254	128
33.1373	107
33.1493	121
33.1612	104
33.1732	106
33.1851	96
33.197	108
33.209	96
33.2209	109
33.2329	96
33.2448	104
33.2567	83
33.2687	77
33.2806	86
33.2926	84
33.3045	87
33.3165	87
33.3284	74
33.3403	103
33.3523	85
33.3642	84
33.3762	79
33.3881	70
33.4	79
33.412	82
33.4239	70
33.4359	85
33.4478	87
33.4597	66
33.4717	81
33.4836	68
33.4956	83
33.5075	87
33.5194	61
33.5314	89
33.5433	84
33.5553	61
33.5672	86
33.5791	58
33.5911	72
33.603	72
33.615	84
33.6269	80
33.6388	76
33.6508	80
33.6627	67
33.6747	99
33.6866	83
33.6985	61
33.7105	70
33.7224	88
33.7344	70
33.7463	85
33.7582	93
33.7702	80
33.7821	67
33.7941	96
33.806	65
33.8179	82
33.8299	84
33.8418	94
33.8538	84
33.8657	80
33.8776	85
33.8896	70
33.9015	72
33.9135	82
33.9254	82
33.9373	83
33.9493	94
33.9612	65
33.9732	84
33.9851	98
33.997	86
34.009	82
34.0209	81
34.0329	76
34.0448	73
34.0568	96
34.0687	85
34.0806	78
34.0926	98
34.1045	71
34.1165	81
34.1284	80
34.1403	75
34.1523	63
34.1642	73
34.1762	79
34.1881	75
34.2	83
34.212	77
34.2239	80
34.2359	86
34.2478	85
34.2597	89
34.2717	63
34.2836	71
34.2956	72
34.3075	76
34.3194	75
34.3314	85
34.3433	72
34.3553	81
34.3672	69
34.3791	59
34.3911	83
34.403	90
34.415	79
34.4269	74
34.4388	73
34.4508	83
34.4627	82
34.4747	76
34.4866	84
34.4985	87
34.5105	71
34.5224	81
34.5344	76
34.5463	73
34.5582	89
34.5702	78
34.5821	88
34.5941	57
34.606	79
34.6179	94
34.6299	72
34.6418	87
34.6538	81
34.6657	82
34.6776	82
34.6896	81
34.7015	90
34.7135	82
34.7254	77
34.7373	74
34.7493	94
34.7612	82
34.7732	76
34.7851	79
34.7971	97
34.809	66
34.8209	80
34.8329	70
34.8448	71
34.8568	80
34.8687	76
34.8806	85
34.8926	74
34.9045	73
34.9165	76
34.9284	73
34.9403	81
34.9523	69
34.9642	81
34.9762	81
34.9881	88
35	77
35.012	90
35.0239	80
35.0359	85
35.0478	80
35.0597	67
35.0717	90
35.0836	82
35.0956	77
35.1075	72
35.1194	72
35.1314	84
35.1433	73
35.1553	81
35.1672	90
35.1791	90
35.1911	70
35.203	81
35.215	77
35.2269	72
35.2388	87
35.2508	69
35.2627	87
35.2747	69
35.2866	80
35.2985	69
35.3105	71
35.3224	69
35.3344	69
35.3463	76
35.3582	63
35.3702	74
35.3821	70
35.3941	64
35.406	79
35.4179	77
35.4299	71
35.4418	78
35.4538	72
35.4657	86
35.4776	83
35.4896	83
35.5015	78
35.5135	83
35.5254	76
35.5374	71
35.5493	69
35.5612	67
35.5732	76
35.5851	79
35.5971	83
35.609	67
35.6209	81
35.6329	86
35.6448	63
35.6568	88
35.6687	101
35.6806	74
35.6926	76
35.7045	93
35.7165	83
35.7284	95
35.7403	72
35.7523	75
35.7642	72
35.7762	83
35.7881	87
35.8	76
35.812	83
35.8239	90
35.8359	76
35.8478	89
35.8597	68
35.8717	68
35.8836	83
35.8956	90
35.9075	76
35.9194	88
35.9314	92
35.9433	88
35.9553	76
35.9672	73
35.9791	87
35.9911	90
36.003	76
36.015	91
36.0269	90
36.0388	100
36.0508	84
36.0627	89
36.0747	75
36.0866	69
36.0985	82
36.1105	72
36.1224	77
36.1344	82
36.1463	66
36.1582	87
36.1702	77
36.1821	88
36.1941	86
36.206	77
36.2179	67
36.2299	67
36.2418	90
36.2538	87
36.2657	64
36.2777	81
36.2896	77
36.3015	81
36.3135	84
36.3254	63
36.3374	82
36.3493	70
36.3612	69
36.3732	70
36.3851	72
36.3971	106
36.409	89
36.4209	69
36.4329	69
36.4448	68
36.4568	68
36.4687	83
36.4806	84
36.4926	98
36.5045	62
36.5165	78
36.5284	71
36.5403	81
36.5523	72
36.5642	81
36.5762	82
36.5881	84
36.6	72
36.612	78
36.6239	75
36.6359	84
36.6478	74
36.6597	84
36.6717	85
36.6836	71
36.6956	73
36.7075	76
36.7194	75
36.7314	69
36.7433	70
36.7553	77
36.7672	78
36.7791	82
36.7911	69
36.803	76
36.815	54
36.8269	68
36.8388	76
36.8508	82
36.8627	69
36.8747	73
36.8866	96
36.8985	77
36.9105	69
36.9224	83
36.9344	69
36.9463	63
36.9582	57
36.9702	74
36.9821	68
36.9941	71
37.006	73
37.018	77
37.0299	70
37.0418	60
37.0538	59
37.0657	78
37.0777	85
37.0896	74
37.1015	68
37.1135	79
37.1254	64
37.1374	74
37.1493	66
37.1612	89
37.1732	76
37.1851	76
37.1971	86
37.209	79
37.2209	74
37.2329	66
37.2448	73
37.2568	55
37.2687	73
37.2806	61
37.2926	61
37.3045	79
37.3165	78
37.3284	65
37.3403	69
37.3523	72
37.3642	71
37.3762	50
37.3881	57
37.4	85
37.412	72
37.4239	57
37.4359	71
37.4478	67
37.4597	76
37.4717	84
37.4836	61
37.4956	65
37.5075	70
37.5194	67
37.5314	66
37.5433	83
37.5553	93
37.5672	71
37.5791	71
37.5911	57
37.603	80
37.615	62
37.6269	61
37.6388	67
37.6508	68
37.6627	83
37.6747	81
37.6866	56
37.6985	75
37.7105	78
37.7224	73
37.7344	84
37.7463	73
37.7582	66
37.7702	77
37.7821	69
37.7941	79
37.806	57
37.818	68
37.8299	66
37.8418	84
37.8538	66
37.8657	77
37.8777	82
37.8896	72
37.9015	76
37.9135	69
37.9254	74
37.9374	69
37.9493	80
37.9612	78
37.9732	75
37.9851	76
37.9971	74
38.009	63
38.0209	75
38.0329	77
38.0448	69
38.0568	57
38.0687	71
38.0806	86
38.0926	65
38.1045	73
38.1165	76
38.1284	69
38.1403	58
38.1523	88
38.1642	67
38.1762	66
38.1881	60
38.2	76
38.212	93
38.2239	69
38.2359	88
38.2478	70
38.2597	68
38.2717	60
38.2836	70
38.2956	76
38.3075	78
38.3194	56
38.3314	64
38.3433	73
38.3553	72
38.3672	66
38.3791	58
38.3911	74
38.403	62
38.415	70
38.4269	63
38.4388	77
38.4508	58
38.4627	56
38.4747	59
38.4866	62
38.4985	65
38.5105	64
38.5224	80
38.5344	90
38.5463	62
38.5583	87
38.5702	65
38.5821	72
38.5941	73
38.606	63
38.618	73
38.6299	69
38.6418	71
38.6538	62
38.6657	60
38.6777	84
38.6896	73
38.7015	61
38.7135	62
38.7254	86
38.7374	65
38.7493	71
38.7612	64
38.7732	65
38.7851	68
38.7971	58
38.809	65
38.8209	75
38.8329	52
38.8448	68
38.8568	68
38.8687	81
38.8806	69
38.8926	56
38.9045	60
38.9165	70
38.9284	96
38.9403	75
38.9523	76
38.9642	71
38.9762	95
38.9881	79
39	58
39.012	86
39.0239	63
39.0359	70
39.0478	74
39.0597	73
39.0717	67
39.0836	82
39.0956	56
39.1075	58
39.1194	64
39.1314	54
39.1433	79
39.1553	70
39.1672	66
39.1791	84
39.1911	69
39.203	69
39.215	85
39.2269	77
39.2388	80
39.2508	77
39.2627	70
39.2747	78
39.2866	56
39.2986	75
39.3105	65
39.3224	78
39.3344	79
39.3463	67
39.3583	80
39.3702	75
39.3821	88
39.3941	77
39.406	78
39.418	88
39.4299	65
39.4418	70
39.4538	71
39.4657	86
39.4777	80
39.4896	64
39.5015	69
39.5135	75
39.5254	75
39.5374	68
39.5493	88
39.5612	63
39.5732	69
39.5851	80
39.5971	78
39.609	76
39.6209	80
39.6329	74
39.6448	79
39.6568	68
39.6687	74
39.6806	72
39.6926	76
39.7045	75
39.7165	68
39.7284	72
39.7403	69
39.7523	66
39.7642	72
39.7762	82
39.7881	94
39.8	73
39.812	65
39.8239	78
39.8359	68
39.8478	84
39.8597	71
39.8717	73
39.8836	74
39.8956	67
39.9075	89
39.9194	75
39.9314	84
39.9433	68
39.9553	78
39.9672	60
39.9791	64
39.9911	82
40.003	65
40.015	70
40.0269	81
40.0389	78
40.0508	71
40.0627	73
40.0747	70
40.0866	76
40.0986	80
40.1105	61
40.1224	59
40.1344	69
40.1463	87
40.1583	65
40.1702	62
40.1821	89
40.1941	73
40.206	82
40.218	79
40.2299	72
40.2418	80
40.2538	68
40.2657	82
40.2777	75
40.2896	75
40.3015	72
40.3135	74
40.3254	76
40.3374	68
40.3493	80
40.3612	64
40.3732	79
40.3851	56
40.3971	70
40.409	75
40.4209	82
40.4329	75
40.4448	74
40.4568	75
40.4687	74
40.4806	73
40.4926	76
40.5045	80
40.5165	79
40.5284	83
40.5403	84
40.5523	90
40.5642	81
40.5762	74
40.5881	67
40.6	72
40.612	80
40.6239	58
40.6359	72
40.6478	81
40.6597	80
40.6717	72
40.6836	57
40.6956	83
40.7075	65
40.7194	70
40.7314	78
40.7433	74
40.7553	71
40.7672	67
40.7792	64
40.7911	101
40.803	69
40.815	79
40.8269	65
40.8389	55
40.8508	81
40.8627	58
40.8747	72
40.8866	60
40.8986	72
40.9105	82
40.9224	65
40.9344	66
40.9463	71
40.9583	76
40.9702	73
40.9821	77
40.9941	76
41.006	73
41.018	71
41.0299	72
41.0418	69
41.0538	85
41.0657	60
41.0777	53
41.0896	70
41.1015	75
41.1135	84
41.1254	78
41.1374	68
41.1493	50
41.1612	67
41.1732	64
41.1851	80
41.1971	83
41.209	76
41.2209	68
41.2329	80
41.2448	68
41.2568	72
41.2687	75
41.2806	66
41.2926	84
41.3045	81
41.3165	81
41.3284	75
41.3403	72
41.3523	63
41.3642	69
41.3762	68
41.3881	85
41.4	66
41.412	69
41.4239	79
41.4359	67
41.4478	69
41.4597	69
41.4717	72
41.4836	80
41.4956	63
41.5075	72
41.5195	66
41.5314	77
41.5433	83
41.5553	62
41.5672	75
41.5792	70
41.5911	76
41.603	74
41.615	73
41.6269	77
41.6389	80
41.6508	78
41.6627	88
41.6747	69
41.6866	65
41.6986	67
41.7105	54
41.7224	86
41.7344	73
41.7463	85
41.7583	74
41.7702	71
41.7821	73
41.7941	72
41.806	68
41.818	69
41.8299	72
41.8418	72
41.8538	75
41.8657	80
41.8777	71
41.8896	55
41.9015	71
41.9135	69
41.9254	70
41.9374	83
41.9493	83
41.9612	61
41.9732	89
41.9851	64
41.9971	73
42.009	64
42.0209	80
42.0329	50
42.0448	98
42.0568	69
42.0687	87
42.0806	74
42.0926	69
42.1045	73
42.1165	61
42.1284	70
42.1403	79
42.1523	79
42.1642	61
42.1762	77
42.1881	69
42.2	67
42.212	72
42.2239	74
42.2359	80
42.2478	56
42.2598	83
42.2717	67
42.2836	83
42.2956	71
42.3075	76
42.3195	100
42.3314	71
42.3433	48
42.3553	71
42.3672	60
42.3792	84
42.3911	67
42.403	70
42.415	69
42.4269	73
42.4389	80
42.4508	73
42.4627	85
42.4747	67
42.4866	89
42.4986	60
42.5105	65
42.5224	93
42.5344	69
42.5463	70
42.5583	69
42.5702	73
42.5821	74
42.5941	68
42.606	69
42.618	79
42.6299	78
42.6418	68
42.6538	73
42.6657	74
42.6777	98
42.6896	59
42.7015	69
42.7135	65
42.7254	66
42.7374	71
42.7493	73
42.7612	65
42.7732	63
42.7851	70
42.7971	82
42.809	70
42.8209	73
42.8329	73
42.8448	82
42.8568	79
42.8687	83
42.8806	80
42.8926	68
42.9045	66
42.9165	63
42.9284	74
42.9403	85
42.9523	61
42.9642	86
42.9762	83
42.9881	64
43.0001	66
43.012	74
43.0239	70
43.0359	72
43.0478	73
43.0598	71
43.0717	75
43.0836	90
43.0956	74
43.1075	70
43.1195	60
43.1314	69
43.1433	80
43.1553	57
43.1672	87
43.1792	79
43.1911	71
43.203	77
43.215	74
43.2269	62
43.2389	65
43.2508	74
43.2627	78
43.2747	70
43.2866	83
43.2986	75
43.3105	65
43.3224	77
43.3344	88
43.3463	61
43.3583	85
43.3702	68
43.3821	84
43.3941	71
43.406	70
43.418	79
43.4299	66
43.4418	68
43.4538	81
43.4657	77
43.4777	78
43.4896	83
43.5015	78
43.5135	70
43.5254	78
43.5374	64
43.5493	83
43.5612	72
43.5732	73
43.5851	64
43.5971	70
43.609	80
43.6209	75
43.6329	79
43.6448	89
43.6568	79
43.6687	88
43.6806	70
43.6926	60
43.7045	72
43.7165	78
43.7284	74
43.7404	97
43.7523	86
43.7642	52
43.7762	76
43.7881	71
43.8001	67
43.812	80
43.8239	67
43.8359	66
43.8478	79
43.8598	67
43.8717	84
43.8836	72
43.8956	73
43.9075	81
43.9195	67
43.9314	71
43.9433	101
43.9553	76
43.9672	62
43.9792	64
43.9911	80
44.003	72
44.015	73
44.0269	81
44.0389	78
44.0508	79
44.0627	80
44.0747	70
44.0866	68
44.0986	73
44.1105	71
44.1224	82
44.1344	74
44.1463	58
44.1583	73
44.1702	78
44.1821	95
44.1941	80
44.206	60
44.218	87
44.2299	78
44.2418	63
44.2538	71
44.2657	95
44.2777	95
44.2896	65
44.3015	80
44.3135	76
44.3254	73
44.3374	71
44.3493	80
44.3612	69
44.3732	77
44.3851	78
44.3971	75
44.409	62
44.4209	66
44.4329	81
44.4448	81
44.4568	78
44.4687	64
44.4807	73
44.4926	79
44.5045	81
44.5165	63
44.5284	72
44.5404	71
44.5523	81
44.5642	53
44.5762	52
44.5881	59
44.6001	97
44.612	92
44.6239	75
44.6359	71
44.6478	68
44.6598	91
44.6717	99
44.6836	79
44.6956	76
44.7075	79
44.7195	76
44.7314	67
44.7433	78
44.7553	80
44.7672	79
44.7792	53
44.7911	79
44.803	86
44.815	79
44.8269	65
44.8389	85
44.8508	73
44.8627	87
44.8747	79
44.8866	70
44.8986	67
44.9105	80
44.9224	78
44.9344	64
44.9463	80
44.9583	78
44.9702	68
44.9821	72
44.9941	74
45.006	78
45.018	73
45.0299	86
45.0418	68
45.0538	64
45.0657	67
45.0777	74
45.0896	83
45.1015	75
45.1135	75
45.1254	58
45.1374	73
45.1493	79
45.1612	68
45.1732	63
45.1851	78
45.1971	62
45.209	71
45.2209	72
45.2329	90
45.2448	62
45.2568	74
45.2687	70
45.2807	87
45.2926	67
45.3045	89
45.3165	80
45.3284	64
45.3404	74
45.3523	71
45.3642	68
45.3762	73
45.3881	66
45.4001	68
45.412	71
45.4239	69
45.4359	59
45.4478	63
45.4598	81
45.4717	82
45.4836	68
45.4956	73
45.5075	71
45.5195	69
45.5314	77
45.5433	59
45.5553	68
45.5672	76
45.5792	62
45.5911	81
45.603	67
45.615	80
45.6269	74
45.6389	64
45.6508	76
45.6627	81
45.6747	90
45.6866	84
45.6986	84
45.7105	58
45.7224	89
45.7344	69
45.7463	77
45.7583	81
45.7702	62
45.7821	78
45.7941	67
45.806	75
45.818	65
45.8299	71
45.8418	63
45.8538	70
45.8657	60
45.8777	71
45.8896	85
45.9015	64
45.9135	69
45.9254	72
45.9374	82
45.9493	76
45.9612	78
45.9732	71
45.9851	67
45.9971	66
46.009	65
46.021	72
46.0329	79
46.0448	73
46.0568	70
46.0687	68
46.0807	99
46.0926	71
46.1045	85
46.1165	66
46.1284	67
46.1404	76
46.1523	75
46.1642	73
46.1762	67
46.1881	65
46.2001	84
46.212	99
46.2239	64
46.2359	93
46.2478	88
46.2598	78
46.2717	80
46.2836	75
46.2956	78
46.3075	77
46.3195	78
46.3314	58
46.3433	87
46.3553	64
46.3672	80
46.3792	67
46.3911	62
46.403	71
46.415	77
46.4269	86
46.4389	68
46.4508	96
46.4627	79
46.4747	84
46.4866	80
46.4986	75
46.5105	87
46.5224	74
46.5344	83
46.5463	72
46.5583	70
46.5702	77
46.5821	70
46.5941	76
46.606	72
46.618	57
46.6299	80
46.6418	74
46.6538	83
46.6657	73
46.6777	69
46.6896	75
46.7015	92
46.7135	66
46.7254	77
46.7374	79
46.7493	75
46.7613	61
46.7732	76
46.7851	83
46.7971	89
46.809	85
46.821	66
46.8329	71
46.8448	73
46.8568	80
46.8687	79
46.8807	70
46.8926	62
46.9045	74
46.9165	71
46.9284	93
46.9404	68
46.9523	80
46.9642	93
46.9762	75
46.9881	80
47.0001	88
47.012	83
47.0239	80
47.0359	79
47.0478	87
47.0598	77
47.0717	68
47.0836	70
47.0956	63
47.1075	71
47.1195	78
47.1314	76
47.1433	82
47.1553	77
47.1672	67
47.1792	75
47.1911	62
47.203	67
47.215	87
47.2269	65
47.2389	78
47.2508	84
47.2627	64
47.2747	73
47.2866	72
47.2986	75
47.3105	55
47.3224	88
47.3344	79
47.3463	60
47.3583	85
47.3702	63
47.3821	71
47.3941	70
47.406	63
47.418	68
47.4299	63
47.4418	70
47.4538	61
47.4657	80
47.4777	69
47.4896	76
47.5016	71
47.5135	82
47.5254	66
47.5374	68
47.5493	78
47.5613	75
47.5732	84
47.5851	76
47.5971	66
47.609	82
47.621	75
47.6329	75
47.6448	73
47.6568	76
47.6687	74
47.6807	75
47.6926	67
47.7045	64
47.7165	76
47.7284	69
47.7404	73
47.7523	68
47.7642	77
47.7762	76
47.7881	74
47.8001	70
47.812	97
47.8239	73
47.8359	80
47.8478	82
47.8598	99
47.8717	75
47.8836	79
47.8956	91
47.9075	93
47.9195	79
47.9314	68
47.9433	78
47.9553	55
47.9672	81
47.9792	86
47.9911	58
48.003	68
48.015	65
48.0269	69
48.0389	77
48.0508	70
48.0627	92
48.0747	78
48.0866	79
48.0986	75
48.1105	77
48.1224	73
48.1344	76
48.1463	86
48.1583	71
48.1702	74
48.1821	72
48.1941	75
48.206	67
48.218	57
48.2299	82
48.2419	71
48.2538	83
48.2657	96
48.2777	73
48.2896	77
48.3016	68
48.3135	72
48.3254	83
48.3374	75
48.3493	88
48.3613	72
48.3732	75
48.3851	82
48.3971	67
48.409	70
48.421	83
48.4329	85
48.4448	81
48.4568	65
48.4687	61
48.4807	86
48.4926	71
48.5045	84
48.5165	72
48.5284	64
48.5404	69
48.5523	73
48.5642	61
48.5762	88
48.5881	74
48.6001	79
48.612	81
48.6239	93
48.6359	75
48.6478	83
48.6598	74
48.6717	85
48.6836	84
48.6956	70
48.7075	72
48.7195	69
48.7314	72
48.7433	69
48.7553	61
48.7672	82
48.7792	61
48.7911	81
48.803	73
48.815	78
48.8269	69
48.8389	75
48.8508	89
48.8627	63
48.8747	79
48.8866	68
48.8986	67
48.9105	104
48.9224	73
48.9344	70
48.9463	55
48.9583	85
48.9702	77
48.9822	69
48.9941	76
49.006	72
49.018	78
49.0299	78
49.0419	66
49.0538	67
49.0657	59
49.0777	71
49.0896	73
49.1016	78
49.1135	88
49.1254	85
49.1374	69
49.1493	80
49.1613	77
49.1732	83
49.1851	59
49.1971	72
49.209	80
49.221	79
49.2329	88
49.2448	63
49.2568	74
49.2687	73
49.2807	71
49.2926	83
49.3045	84
49.3165	78
49.3284	71
49.3404	53
49.3523	83
49.3642	58
49.3762	63
49.3881	77
49.4001	77
49.412	64
49.4239	77
49.4359	75
49.4478	68
49.4598	66
49.4717	64
49.4836	96
49.4956	84
49.5075	64
49.5195	79
49.5314	86
49.5433	71
49.5553	79
49.5672	73
49.5792	86
49.5911	67
49.603	83
49.615	61
49.6269	93
49.6389	95
49.6508	91
49.6627	100
49.6747	61
49.6866	75
49.6986	83
49.7105	75
49.7225	81
49.7344	89
49.7463	66
49.7583	87
49.7702	84
49.7822	87
49.7941	73
49.806	69
49.818	66
49.8299	73
49.8419	65
49.8538	65
49.8657	98
49.8777	85
49.8896	93
49.9016	71
49.9135	94
49.9254	74
49.9374	90
49.9493	80
49.9613	61
49.9732	80
49.9851	60
49.9971	72
50.009	68
50.021	90
50.0329	62
50.0448	74
50.0568	72
50.0687	66
50.0807	83
50.0926	72
50.1045	91
50.1165	68
50.1284	75
50.1404	83
50.1523	98
50.1642	83
50.1762	75
50.1881	83
50.2001	89
50.212	79
50.2239	73
50.2359	68
50.2478	94
50.2598	73
50.2717	87
50.2836	84
50.2956	76
50.3075	89
50.3195	90
50.3314	79
50.3433	78
50.3553	89
50.3672	81
50.3792	82
50.3911	84
50.403	69
50.415	77
50.4269	86
50.4389	67
50.4508	82
50.4628	69
50.4747	76
50.4866	79
50.4986	98
50.5105	72
50.5225	71
50.5344	67
50.5463	67
50.5583	76
50.5702	77
50.5822	73
50.5941	82
50.606	88
50.618	74
50.6299	68
50.6419	77
50.6538	71
50.6657	58
50.6777	66
50.6896	97
50.7016	61
50.7135	76
50.7254	85
50.7374	95
50.7493	76
50.7613	84
50.7732	73
50.7851	72
50.7971	98
50.809	86
50.821	81
50.8329	73
50.8448	81
50.8568	77
50.8687	71
50.8807	69
50.8926	81
50.9045	75
50.9165	83
50.9284	83
50.9404	76
50.9523	83
50.9642	79
50.9762	85
50.9881	82
51.0001	74
51.012	83
51.0239	81
51.0359	82
51.0478	71
51.0598	66
51.0717	82
51.0836	75
51.0956	82
51.1075	87
51.1195	69
51.1314	96
51.1433	76
51.1553	65
51.1672	77
51.1792	75
51.1911	81
51.2031	91
51.215	102
51.2269	71
51.2389	81
51.2508	89
51.2628	79
51.2747	89
51.2866	81
51.2986	78
51.3105	75
51.3225	77
51.3344	83
51.3463	80
51.3583	68
51.3702	74
51.3822	83
51.3941	89
51.406	77
51.418	68
51.4299	78
51.4419	71
51.4538	65
51.4657	84
51.4777	79
51.4896	84
51.5016	72
51.5135	89
51.5254	94
51.5374	77
51.5493	66
51.5613	75
51.5732	88
51.5851	65
51.5971	81
51.609	85
51.621	82
51.6329	77
51.6448	73
51.6568	71
51.6687	76
51.6807	76
51.6926	82
51.7045	76
51.7165	77
51.7284	83
51.7404	61
51.7523	70
51.7642	70
51.7762	76
51.7881	72
51.8001	79
51.812	76
51.8239	78
51.8359	82
51.8478	83
51.8598	78
51.8717	74
51.8836	79
51.8956	93
51.9075	79
51.9195	92
51.9314	85
51.9434	65
51.9553	92
51.9672	73
51.9792	74
51.9911	84
52.0031	83
52.015	82
52.0269	89
52.0389	86
52.0508	66
52.0628	68
52.0747	80
52.0866	75
52.0986	92
52.1105	85
52.1225	88
52.1344	88
52.1463	102
52.1583	75
52.1702	85
52.1822	89
52.1941	77
52.206	85
52.218	75
52.2299	90
52.2419	72
52.2538	76
52.2657	88
52.2777	94
52.2896	99
52.3016	75
52.3135	72
52.3254	84
52.3374	65
52.3493	72
52.3613	83
52.3732	97
52.3851	74
52.3971	78
52.409	69
52.421	80
52.4329	89
52.4448	81
52.4568	83
52.4687	87
52.4807	86
52.4926	65
52.5045	92
52.5165	88
52.5284	91
52.5404	74
52.5523	63
52.5642	76
52.5762	77
52.5881	58
52.6001	106
52.612	70
52.6239	79
52.6359	67
52.6478	84
52.6598	85
52.6717	95
52.6836	78
52.6956	87
52.7075	76
52.7195	79
52.7314	80
52.7434	82
52.7553	85
52.7672	81
52.7792	88
52.7911	89
52.8031	90
52.815	73
52.8269	68
52.8389	66
52.8508	91
52.8628	81
52.8747	83
52.8866	65
52.8986	71
52.9105	77
52.9225	74
52.9344	88
52.9463	75
52.9583	77
52.9702	82
52.9822	95
52.9941	83
53.006	72
53.018	91
53.0299	85
53.0419	86
53.0538	87
53.0657	76
53.0777	80
53.0896	86
53.1016	68
53.1135	91
53.1254	83
53.1374	92
53.1493	95
53.1613	80
53.1732	85
53.1851	84
53.1971	84
53.209	61
53.221	81
53.2329	80
53.2448	66
53.2568	87
53.2687	81
53.2807	77
53.2926	82
53.3045	72
53.3165	74
53.3284	78
53.3404	87
53.3523	76
53.3642	67
53.3762	63
53.3881	84
53.4001	86
53.412	88
53.4239	86
53.4359	86
53.4478	83
53.4598	84
53.4717	96
53.4837	77
53.4956	92
53.5075	88
53.5195	90
53.5314	89
53.5434	85
53.5553	96
53.5672	75
53.5792	82
53.5911	98
53.6031	89
53.615	83
53.6269	80
53.6389	82
53.6508	78
53.6628	78
53.6747	72
53.6866	78
53.6986	68
53.7105	70
53.7225	93
53.7344	96
53.7463	83
53.7583	88
53.7702	101
53.7822	72
53.7941	85
53.806	94
53.818	75
53.8299	88
53.8419	71
53.8538	99
53.8657	73
53.8777	78
53.8896	95
53.9016	98
53.9135	83
53.9254	80
53.9374	72
53.9493	91
53.9613	80
53.9732	98
53.9851	92
53.9971	104
54.009	88
54.021	101
54.0329	104
54.0448	101
54.0568	89
54.0687	92
54.0807	82
54.0926	114
54.1045	81
54.1165	77
54.1284	83
54.1404	96
54.1523	98
54.1642	86
54.1762	73
54.1881	107
54.2001	100
54.212	71
54.224	64
54.2359	80
54.2478	103
54.2598	84
54.2717	84
54.2837	81
54.2956	89
54.3075	78
54.3195	73
54.3314	86
54.3434	87
54.3553	93
54.3672	85
54.3792	91
54.3911	79
54.4031	86
54.415	64
54.4269	86
54.4389	81
54.4508	88
54.4628	84
54.4747	73
54.4866	81
54.4986	89
54.5105	81
54.5225	87
54.5344	86
54.5463	77
54.5583	82
54.5702	77
54.5822	84
54.5941	94
54.606	87
54.618	87
54.6299	104
54.6419	85
54.6538	84
54.6657	90
54.6777	91
54.6896	111
54.7016	78
54.7135	85
54.7254	83
54.7374	97
54.7493	81
54.7613	84
54.7732	100
54.7851	90
54.7971	92
54.809	81
54.821	85
54.8329	78
54.8448	89
54.8568	105
54.8687	91
54.8807	90
54.8926	91
54.9045	91
54.9165	108
54.9284	101
54.9404	91
54.9523	91
54.9643	83
54.9762	74
54.9881	96
55.0001	105
55.012	90
55.024	95
55.0359	79
55.0478	92
55.0598	87
55.0717	81
55.0837	97
55.0956	79
55.1075	89
55.1195	83
55.1314	83
55.1434	74
55.1553	91
55.1672	100
55.1792	88
55.1911	87
55.2031	91
55.215	94
55.2269	91
55.2389	85
55.2508	85
55.2628	86
55.2747	101
55.2866	87
55.2986	83
55.3105	86
55.3225	80
55.3344	86
55.3463	90
55.3583	98
55.3702	95
55.3822	97
55.3941	88
55.406	101
55.418	80
55.4299	87
55.4419	91
55.4538	94
55.4657	98
55.4777	97
55.4896	93
55.5016	99
55.5135	100
55.5254	88
55.5374	98
55.5493	98
55.5613	88
55.5732	107
55.5851	85
55.5971	88
55.609	105
55.621	79
55.6329	86
55.6448	96
55.6568	107
55.6687	86
55.6807	119
55.6926	84
55.7046	111
55.7165	110
55.7284	100
55.7404	102
55.7523	98
55.7643	103
55.7762	113
55.7881	97
55.8001	129
55.812	134
55.824	112
55.8359	115
55.8478	93
55.8598	101
55.8717	98
55.8837	99
55.8956	102
55.9075	100
55.9195	103
55.9314	94
55.9434	94
55.9553	87
55.9672	78
55.9792	90
55.9911	76
56.0031	100
56.015	104
56.0269	94
56.0389	84
56.0508	82
56.0628	113
56.0747	108
56.0866	105
56.0986	94
56.1105	79
56.1225	86
56.1344	84
56.1463	92
56.1583	86
56.1702	97
56.1822	88
56.1941	101
56.206	92
56.218	91
56.2299	100
56.2419	86
56.2538	84
56.2657	95
56.2777	88
56.2896	103
56.3016	98
56.3135	105
56.3254	102
56.3374	92
56.3493	101
56.3613	81
56.3732	89
56.3851	92
56.3971	92
56.409	115
56.421	115
56.4329	93
56.4449	97
56.4568	98
56.4687	107
56.4807	98
56.4926	94
56.5046	112
56.5165	94
56.5284	104
56.5404	97
56.5523	91
56.5643	99
56.5762	88
56.5881	84
56.6001	101
56.612	101
56.624	88
56.6359	104
56.6478	97
56.6598	99
56.6717	96
56.6837	95
56.6956	87
56.7075	102
56.7195	87
56.7314	102
56.7434	95
56.7553	91
56.7672	96
56.7792	116
56.7911	100
56.8031	86
56.815	97
56.8269	106
56.8389	85
56.8508	106
56.8628	100
56.8747	84
56.8866	75
56.8986	85
56.9105	78
56.9225	113
56.9344	95
56.9463	103
56.9583	106
56.9702	89
56.9822	105
56.9941	90
57.006	77
57.018	114
57.0299	105
57.0419	85
57.0538	98
57.0657	101
57.0777	83
57.0896	74
57.1016	94
57.1135	106
57.1254	86
57.1374	109
57.1493	111
57.1613	92
57.1732	101
57.1852	94
57.1971	85
57.209	91
57.221	91
57.2329	84
57.2449	97
57.2568	110
57.2687	97
57.2807	99
57.2926	107
57.3046	90
57.3165	92
57.3284	83
57.3404	99
57.3523	105
57.3643	99
57.3762	94
57.3881	88
57.4001	86
57.412	88
57.424	94
57.4359	85
57.4478	110
57.4598	100
57.4717	94
57.4837	106
57.4956	85
57.5075	96
57.5195	95
57.5314	105
57.5434	85
57.5553	110
57.5672	97
57.5792	93
57.5911	83
57.6031	92
57.615	99
57.6269	73
57.6389	99
57.6508	96
57.6628	79
57.6747	99
57.6866	94
57.6986	75
57.7105	100
57.7225	105
57.7344	88
57.7463	99
57.7583	83
57.7702	88
57.7822	110
57.7941	96
57.806	105
57.818	88
57.8299	109
57.8419	89
57.8538	106
57.8657	96
57.8777	92
57.8896	89
57.9016	98
57.9135	98
57.9255	107
57.9374	99
57.9493	100
57.9613	102
57.9732	102
57.9852	99
57.9971	94
58.009	95
58.021	76
58.0329	94
58.0449	83
58.0568	123
58.0687	85
58.0807	97
58.0926	116
58.1046	95
58.1165	96
58.1284	97
58.1404	76
58.1523	108
58.1643	101
58.1762	105
58.1881	77
58.2001	80
58.212	85
58.224	119
58.2359	98
58.2478	106
58.2598	91
58.2717	94
58.2837	98
58.2956	102
58.3075	91
58.3195	108
58.3314	113
58.3434	113
58.3553	108
58.3672	103
58.3792	93
58.3911	96
58.4031	93
58.415	102
58.4269	108
58.4389	100
58.4508	108
58.4628	99
58.4747	106
58.4866	99
58.4986	97
58.5105	112
58.5225	105
58.5344	118
58.5463	100
58.5583	83
58.5702	105
58.5822	106
58.5941	104
58.606	104
58.618	104
58.6299	119
58.6419	113
58.6538	86
58.6658	88
58.6777	76
58.6896	89
58.7016	85
58.7135	112
58.7255	109
58.7374	95
58.7493	107
58.7613	114
58.7732	104
58.7852	99
58.7971	112
58.809	122
58.821	98
58.8329	124
58.8449	78
58.8568	89
58.8687	96
58.8807	108
58.8926	100
58.9046	108
58.9165	86
58.9284	118
58.9404	111
58.9523	100
58.9643	96
58.9762	101
58.9881	98
59.0001	114
59.012	114
59.024	105
59.0359	104
59.0478	104
59.0598	124
59.0717	110
59.0837	118
59.0956	122
59.1075	124
59.1195	106
59.1314	104
59.1434	100
59.1553	103
59.1672	126
59.1792	128
59.1911	110
59.2031	106
59.215	110
59.2269	107
59.2389	117
59.2508	132
59.2628	113
59.2747	112
59.2866	112
59.2986	117
59.3105	110
59.3225	132
59.3344	120
59.3463	103
59.3583	116
59.3702	110
59.3822	109
59.3941	96
59.4061	100
59.418	98
59.4299	116
59.4419	104
59.4538	109
59.4658	125
59.4777	115
59.4896	99
59.5016	113
59.5135	105
59.5255	121
59.5374	105
59.5493	115
59.5613	118
59.5732	111
59.5852	93
59.5971	110
59.609	92
59.621	121
59.6329	114
59.6449	115
59.6568	128
59.6687	96
59.6807	97
59.6926	125
59.7046	103
59.7165	116
59.7284	106
59.7404	100
59.7523	109
59.7643	135
59.7762	112
59.7881	128
59.8001	116
59.812	108
59.824	119
59.8359	124
59.8478	132
59.8598	121
59.8717	104
59.8837	111
59.8956	116
59.9075	113
59.9195	129
59.9314	110
59.9434	149
59.9553	100
59.9672	111
59.9792	97
59.9911	119
60.0031	125
