Two_theta	Counts
15	70
15.0119	91
15.0239	77
15.0358	74
15.0478	58
15.0597	75
15.0716	94
15.0836	89
15.0955	84
15.1075	86
15.1194	62
15.1313	79
15.1433	85
15.1552	78
15.1672	74
15.1791	76
15.191	74
15.203	78
15.2149	65
15.2269	97
15.2388	83
15.2507	79
15.2627	87
15.2746	81
15.2866	83
15.2985	88
15.3104	87
15.3224	71
15.3343	70
15.3463	77
15.3582	78
15.3701	63
15.3821	66
15.394	75
15.406	72
15.4179	62
15.4299	78
15.4418	64
15.4537	81
15.4657	68
15.4776	77
15.4896	65
15.5015	70
15.5134	76
15.5254	62
15.5373	66
15.5493	78
15.5612	84
15.5731	74
15.5851	77
15.597	79
15.609	76
15.6209	69
15.6328	70
15.6448	68
15.6567	70
15.6687	62
15.6806	71
15.6925	83
15.7045	74
15.7164	60
15.7284	77
15.7403	74
15.7522	74
15.7642	58
15.7761	54
15.7881	75
15.8	52
15.8119	68
15.8239	65
15.8358	79
15.8478	78
15.8597	73
15.8716	62
15.8836	81
15.8955	79
15.9075	54
15.9194	88
15.9313	70
15.9433	67
15.9552	67
15.9672	82
15.9791	86
15.991	74
16.003	68
16.0149	57
16.0269	68
16.0388	66
16.0507	60
16.0627	58
16.0746	69
16.0866	75
16.0985	67
16.1104	70
16.1224	72
16.1343	82
16.1463	58
16.1582	78
16.1702	70
16.1821	66
16.194	83
16.206	64
16.2179	78
16.2299	61
16.2418	64
16.2537	62
16.2657	62
16.2776	63
16.2896	71
16.3015	72
16.3134	68
16.3254	70
16.3373	65
16.3493	50
16.3612	62
16.3731	76
16.3851	88
16.397	85
16.409	65
16.4209	75
16.4328	72
16.4448	63
16.4567	73
16.4687	55
16.4806	71
16.4925	84
16.5045	57
16.5164	63
16.5284	57
16.5403	62
16.5522	46
16.5642	65
16.5761	63
16.5881	80
16.6	55
16.6119	74
16.6239	56
16.6358	62
16.6478	63
16.6597	71
16.6716	70
16.6836	67
16.6955	66
16.7075	64
16.7194	72
16.7313	86
16.7433	63
16.7552	70
16.7672	72
16.7791	69
16.791	62
16.803	67
16.8149	63
16.8269	73
16.8388	56
16.8507	63
16.8627	66
16.8746	75
16.8866	52
16.8985	67
16.9105	67
16.9224	57
16.9343	59
16.9463	68
16.9582	57
16.9702	59
16.9821	68
16.994	63
17.006	66
17.0179	62
17.0299	81
17.0418	55
17.0537	64
17.0657	64
17.0776	70
17.0896	74
17.1015	73
17.1134	69
17.1254	69
17.1373	82
17.1493	60
17.1612	56
17.1731	61
17.1851	67
17.197	48
17.209	51
17.2209	52
17.2328	63
17.2448	82
17.2567	64
17.2687	60
17.2806	63
17.2925	53
17.3045	59
17.3164	64
17.3284	58
17.3403	66
17.3522	64
17.3642	85
17.3761	69
17.3881	69
17.4	64
17.4119	59
17.4239	74
17.4358	69
17.4478	60
17.4597	74
17.4716	70
17.4836	62
17.4955	54
17.5075	60
17.5194	63
17.5313	59
17.5433	61
17.5552	75
17.5672	56
17.5791	64
17.591	80
17.603	64
17.6149	57
17.6269	59
17.6388	45
17.6508	56
17.6627	58
17.6746	62
17.6866	64
17.6985	58
17.7105	61
17.7224	53
17.7343	63
17.7463	57
17.7582	74
17.7702	64
17.7821	70
17.794	65
17.806	46
17.8179	64
17.8299	50
17.8418	52
17.8537	65
17.8657	57
17.8776	57
17.8896	60
17.9015	58
17.9134	61
17.9254	57
17.9373	81
17.9493	53
17.9612	67
17.9731	57
17.9851	69
17.997	67
18.009	70
18.0209	61
18.0328	59
18.0448	57
18.0567	49
18.0687	56
18.0806	52
18.0925	57
18.1045	66
18.1164	54
18.1284	55
18.1403	57
18.1522	60
18.1642	64
18.1761	72
18.1881	64
18.2	67
18.2119	65
18.2239	78
18.2358	52
18.2478	53
18.2597	65
18.2716	46
18.2836	51
18.2955	58
18.3075	56
18.3194	68
18.3313	58
18.3433	62
18.3552	70
18.3672	61
18.3791	74
18.3911	64
18.403	47
18.4149	61
18.4269	66
18.4388	41
18.4508	56
18.4627	59
18.4746	71
18.4866	47
18.4985	58
18.5105	53
18.5224	59
18.5343	60
18.5463	77
18.5582	60
18.5702	63
18.5821	62
18.594	75
18.606	61
18.6179	50
18.6299	73
18.6418	64
18.6537	62
18.6657	83
18.6776	55
18.6896	56
18.7015	49
18.7134	60
18.7254	46
18.7373	58
18.7493	65
18.7612	71
18.7731	65
18.7851	69
18.797	54
18.809	68
18.8209	74
18.8328	54
18.8448	60
18.8567	64
18.8687	65
18.8806	60
18.8925	61
18.9045	50
18.9164	53
18.9284	67
18.9403	66
18.9522	58
18.9642	67
18.9761	68
18.9881	59
19	64
19.0119	62
19.0239	57
19.0358	72
19.0478	67
19.0597	86
19.0716	54
19.0836	61
19.0955	60
19.1075	57
19.1194	75
19.1314	80
19.1433	55
19.1552	66
19.1672	59
19.1791	58
19.1911	72
19.203	68
19.2149	57
19.2269	57
19.2388	59
19.2508	71
19.2627	57
19.2746	61
19.2866	60
19.2985	71
19.3105	53
19.3224	65
19.3343	60
19.3463	66
19.3582	63
19.3702	58
19.3821	76
19.394	72
19.406	69
19.4179	63
19.4299	58
19.4418	69
19.4537	62
19.4657	72
19.4776	61
19.4896	74
19.5015	60
19.5134	59
19.5254	62
19.5373	50
19.5493	64
19.5612	57
19.5731	67
19.5851	58
19.597	67
19.609	50
19.6209	58
19.6328	77
19.6448	58
19.6567	65
19.6687	68
19.6806	56
19.6925	73
19.7045	66
19.7164	65
19.7284	55
19.7403	73
19.7522	63
19.7642	75
19.7761	67
19.7881	62
19.8	67
19.8119	73
19.8239	65
19.8358	62
19.8478	56
19.8597	72
19.8717	63
19.8836	63
19.8955	67
19.9075	67
19.9194	63
19.9314	62
19.9433	79
19.9552	55
19.9672	67
19.9791	75
19.9911	70
20.003	73
20.0149	62
20.0269	63
20.0388	55
20.0508	64
20.0627	67
20.0746	79
20.0866	65
20.0985	83
20.1105	75
20.1224	73
20.1343	60
20.1463	77
20.1582	73
20.1702	77
20.1821	88
20.194	68
20.206	67
20.2179	60
20.2299	82
20.2418	55
20.2537	79
20.2657	75
20.2776	78
20.2896	77
20.3015	69
20.3134	77
20.3254	68
20.3373	66
20.3493	65
20.3612	81
20.3731	70
20.3851	74
20.397	63
20.409	66
20.4209	77
20.4328	54
20.4448	51
20.4567	65
20.4687	63
20.4806	69
20.4925	61
20.5045	55
20.5164	66
20.5284	74
20.5403	56
20.5522	59
20.5642	70
20.5761	77
20.5881	60
20.6	70
20.612	81
20.6239	72
20.6358	64
20.6478	59
20.6597	63
20.6717	65
20.6836	64
20.6955	72
20.7075	71
20.7194	80
20.7314	62
20.7433	76
20.7552	91
20.7672	65
20.7791	68
20.7911	82
20.803	81
20.8149	62
20.8269	75
20.8388	67
20.8508	74
20.8627	68
20.8746	77
20.8866	80
20.8985	76
20.9105	74
20.9224	67
20.9343	89
20.9463	70
20.9582	55
20.9702	70
20.9821	76
20.994	67
21.006	79
21.0179	81
21.0299	86
21.0418	81
21.0537	78
21.0657	86
21.0776	73
21.0896	76
21.1015	81
21.1134	58
21.1254	75
21.1373	85
21.1493	81
21.1612	65
21.1731	75
21.1851	70
21.197	84
21.209	69
21.2209	73
21.2328	73
21.2448	77
21.2567	84
21.2687	81
21.2806	82
21.2925	72
21.3045	88
21.3164	72
21.3284	57
21.3403	72
21.3523	71
21.3642	82
21.3761	62
21.3881	79
21.4	67
21.412	100
21.4239	85
21.4358	69
21.4478	73
21.4597	79
21.4717	79
21.4836	73
21.4955	70
21.5075	82
21.5194	81
21.5314	91
21.5433	74
21.5552	83
21.5672	76
21.5791	87
21.5911	86
21.603	83
21.6149	90
21.6269	90
21.6388	80
21.6508	91
21.6627	94
21.6746	71
21.6866	79
21.6985	98
21.7105	86
21.7224	81
21.7343	90
21.7463	84
21.7582	82
21.7702	71
21.7821	82
21.794	76
21.806	67
21.8179	93
21.8299	87
21.8418	78
21.8537	88
21.8657	80
21.8776	74
21.8896	73
21.9015	79
21.9134	87
21.9254	85
21.9373	78
21.9493	73
21.9612	88
21.9731	74
21.9851	95
21.997	80
22.009	71
22.0209	95
22.0328	92
22.0448	107
22.0567	78
22.0687	79
22.0806	94
22.0926	76
22.1045	86
22.1164	79
22.1284	84
22.1403	95
22.1523	95
22.1642	73
22.1761	84
22.1881	74
22.2	93
22.212	87
22.2239	79
22.2358	96
22.2478	81
22.2597	65
22.2717	88
22.2836	60
22.2955	79
22.3075	89
22.3194	80
22.3314	73
22.3433	66
22.3552	79
22.3672	91
22.3791	86
22.3911	78
22.403	75
22.4149	78
22.4269	90
22.4388	76
22.4508	61
22.4627	74
22.4746	72
22.4866	74
22.4985	72
22.5105	71
22.5224	78
22.5343	73
22.5463	80
22.5582	64
22.5702	84
22.5821	78
22.594	86
22.606	87
22.6179	89
22.6299	88
22.6418	79
22.6537	74
22.6657	76
22.6776	77
22.6896	68
22.7015	71
22.7134	77
22.7254	92
22.7373	75
22.7493	90
22.7612	87
22.7731	78
22.7851	75
22.797	77
22.809	89
22.8209	64
22.8328	81
22.8448	78
22.8567	83
22.8687	65
22.8806	73
22.8926	78
22.9045	92
22.9164	84
22.9284	88
22.9403	54
22.9523	74
22.9642	79
22.9761	72
22.9881	91
23	71
23.012	78
23.0239	83
23.0358	76
23.0478	93
23.0597	88
23.0717	85
23.0836	76
23.0955	76
23.1075	78
23.1194	62
23.1314	71
23.1433	93
23.1552	89
23.1672	76
23.1791	73
23.1911	90
23.203	73
23.2149	63
23.2269	93
23.2388	80
23.2508	84
23.2627	69
23.2746	80
23.2866	77
23.2985	72
23.3105	72
23.3224	65
23.3343	75
23.3463	76
23.3582	79
23.3702	81
23.3821	91
23.394	57
23.406	73
23.4179	74
23.4299	61
23.4418	75
23.4537	83
23.4657	73
23.4776	77
23.4896	84
23.5015	68
23.5134	63
23.5254	81
23.5373	71
23.5493	78
23.5612	68
23.5731	83
23.5851	76
23.597	74
23.609	66
23.6209	61
23.6329	83
23.6448	85
23.6567	82
23.6687	67
23.6806	79
23.6926	74
23.7045	74
23.7164	74
23.7284	65
23.7403	70
23.7523	71
23.7642	79
23.7761	73
23.7881	76
23.8	76
23.812	81
23.8239	66
23.8358	71
23.8478	79
23.8597	63
23.8717	70
23.8836	74
23.8955	68
23.9075	77
23.9194	77
23.9314	65
23.9433	80
23.9552	68
23.9672	88
23.9791	60
23.9911	72
24.003	68
24.0149	91
24.0269	73
24.0388	61
24.0508	70
24.0627	70
24.0746	69
24.0866	69
24.0985	58
24.1105	77
24.1224	72
24.1343	90
24.1463	65
24.1582	81
24.1702	72
24.1821	98
24.194	68
24.206	90
24.2179	74
24.2299	79
24.2418	70
24.2537	74
24.2657	66
24.2776	73
24.2896	61
24.3015	80
24.3134	65
24.3254	70
24.3373	71
24.3493	72
24.3612	88
24.3732	65
24.3851	75
24.397	64
24.409	59
24.4209	83
24.4329	81
24.4448	78
24.4567	86
24.4687	69
24.4806	66
24.4926	79
24.5045	76
24.5164	71
24.5284	78
24.5403	72
24.5523	72
24.5642	66
24.5761	60
24.5881	85
24.6	86
24.612	70
24.6239	84
24.6358	77
24.6478	69
24.6597	80
24.6717	73
24.6836	72
24.6955	80
24.7075	66
24.7194	63
24.7314	79
24.7433	87
24.7552	82
24.7672	79
24.7791	81
24.7911	71
24.803	75
24.8149	89
24.8269	73
24.8388	68
24.8508	85
24.8627	83
24.8746	89
24.8866	71
24.8985	69
24.9105	74
24.9224	67
24.9343	92
24.9463	83
24.9582	77
24.9702	75
24.9821	61
24.994	79
25.006	78
25.0179	52
25.0299	67
25.0418	78
25.0537	74
25.0657	65
25.0776	84
25.0896	63
25.1015	82
25.1135	78
25.1254	93
25.1373	80
25.1493	52
25.1612	97
25.1732	93
25.1851	99
25.197	73
25.209	88
25.2209	74
25.2329	78
25.2448	80
25.2567	78
25.2687	78
25.2806	79
25.2926	72
25.3045	98
25.3164	70
25.3284	92
25.3403	72
25.3523	95
25.3642	80
25.3761	83
25.3881	95
25.4	77
25.412	96
25.4239	87
25.4358	80
25.4478	88
25.4597	70
25.4717	73
25.4836	79
25.4955	77
25.5075	73
25.5194	76
25.5314	86
25.5433	79
25.5552	90
25.5672	83
25.5791	81
25.5911	68
25.603	69
25.6149	80
25.6269	65
25.6388	75
25.6508	73
25.6627	74
25.6746	75
25.6866	74
25.6985	75
25.7105	86
25.7224	95
25.7343	95
25.7463	77
25.7582	98
25.7702	71
25.7821	79
25.794	88
25.806	67
25.8179	75
25.8299	77
25.8418	73
25.8538	68
25.8657	60
25.8776	75
25.8896	60
25.9015	83
25.9135	74
25.9254	73
25.9373	59
25.9493	74
25.9612	82
25.9732	91
25.9851	75
25.997	74
26.009	76
26.0209	78
26.0329	71
26.0448	94
26.0567	79
26.0687	75
26.0806	80
26.0926	62
26.1045	61
26.1164	78
26.1284	77
26.1403	79
26.1523	81
26.1642	66
26.1761	78
26.1881	81
26.2	55
26.212	81
26.2239	73
26.2358	79
26.2478	83
26.2597	85
26.2717	69
26.2836	72
26.2955	73
26.3075	77
26.3194	68
26.3314	72
26.3433	82
26.3552	72
26.3672	82
26.3791	75
26.3911	83
26.403	74
26.4149	73
26.4269	85
26.4388	60
26.4508	79
26.4627	70
26.4746	69
26.4866	63
26.4985	72
26.5105	73
26.5224	65
26.5343	81
26.5463	63
26.5582	79
26.5702	80
26.5821	80
26.5941	88
26.606	82
26.6179	77
26.6299	50
26.6418	75
26.6538	79
26.6657	79
26.6776	80
26.6896	80
26.7015	66
26.7135	65
26.7254	66
26.7373	74
26.7493	63
26.7612	77
26.7732	77
26.7851	71
26.797	69
26.809	74
26.8209	87
26.8329	71
26.8448	70
26.8567	77
26.8687	90
26.8806	70
26.8926	60
26.9045	78
26.9164	78
26.9284	69
26.9403	71
26.9523	75
26.9642	82
26.9761	63
26.9881	77
27	87
27.012	82
27.0239	78
27.0358	70
27.0478	79
27.0597	73
27.0717	79
27.0836	79
27.0955	60
27.1075	80
27.1194	78
27.1314	79
27.1433	76
27.1552	91
27.1672	65
27.1791	75
27.1911	84
27.203	68
27.2149	69
27.2269	97
27.2388	91
27.2508	85
27.2627	81
27.2746	61
27.2866	92
27.2985	89
27.3105	91
27.3224	85
27.3344	81
27.3463	67
27.3582	73
27.3702	74
27.3821	77
27.3941	85
27.406	62
27.4179	82
27.4299	87
27.4418	77
27.4538	84
27.4657	80
27.4776	66
27.4896	82
27.5015	95
27.5135	88
27.5254	81
27.5373	69
27.5493	69
27.5612	74
27.5732	80
27.5851	73
27.597	85
27.609	66
27.6209	70
27.6329	82
27.6448	75
27.6567	60
27.6687	69
27.6806	80
27.6926	82
27.7045	91
27.7164	70
27.7284	103
27.7403	92
27.7523	92
27.7642	96
27.7761	89
27.7881	91
27.8	80
27.812	76
27.8239	82
27.8358	84
27.8478	78
27.8597	69
27.8717	75
27.8836	80
27.8955	74
27.9075	68
27.9194	86
27.9314	75
27.9433	76
27.9552	65
27.9672	70
27.9791	83
27.9911	70
28.003	69
28.0149	76
28.0269	83
28.0388	65
28.0508	74
28.0627	72
28.0747	78
28.0866	74
28.0985	73
28.1105	75
28.1224	55
28.1344	87
28.1463	76
28.1582	82
28.1702	74
28.1821	57
28.1941	70
28.206	80
28.2179	81
28.2299	54
28.2418	76
28.2538	77
28.2657	88
28.2776	76
28.2896	69
28.3015	95
28.3135	84
28.3254	56
28.3373	65
28.3493	63
28.3612	72
28.3732	75
28.3851	70
28.397	63
28.409	69
28.4209	78
28.4329	83
28.4448	75
28.4567	71
28.4687	50
28.4806	75
28.4926	64
28.5045	57
28.5164	66
28.5284	55
28.5403	86
28.5523	70
28.5642	78
28.5761	79
28.5881	79
28.6	82
28.612	82
28.6239	68
28.6358	59
28.6478	67
28.6597	85
28.6717	91
28.6836	76
28.6955	72
28.7075	53
28.7194	67
28.7314	65
28.7433	74
28.7552	71
28.7672	90
28.7791	75
28.7911	69
28.803	75
28.815	73
28.8269	53
28.8388	66
28.8508	83
28.8627	69
28.8747	79
28.8866	69
28.8985	87
28.9105	66
28.9224	85
28.9344	68
28.9463	72
28.9582	73
28.9702	61
28.9821	72
28.9941	77
29.006	88
29.0179	82
29.0299	60
29.0418	82
29.0538	76
29.0657	79
29.0776	61
29.0896	74
29.1015	59
29.1135	70
29.1254	68
29.1373	73
29.1493	80
29.1612	64
29.1732	62
29.1851	70
29.197	70
29.209	66
29.2209	79
29.2329	68
29.2448	75
29.2567	73
29.2687	87
29.2806	49
29.2926	78
29.3045	87
29.3164	71
29.3284	77
29.3403	62
29.3523	81
29.3642	70
29.3761	69
29.3881	57
29.4	65
29.412	80
29.4239	82
29.4358	75
29.4478	85
29.4597	75
29.4717	77
29.4836	70
29.4955	60
29.5075	70
29.5194	70
29.5314	64
29.5433	89
29.5553	85
29.5672	54
29.5791	64
29.5911	88
29.603	89
29.615	83
29.6269	70
29.6388	73
29.6508	58
29.6627	66
29.6747	72
29.6866	61
29.6985	78
29.7105	69
29.7224	71
29.7344	66
29.7463	71
29.7582	68
29.7702	77
29.7821	86
29.7941	82
29.806	100
29.8179	96
29.8299	89
29.8418	67
29.8538	93
29.8657	59
29.8776	64
29.8896	65
29.9015	81
29.9135	84
29.9254	69
29.9373	82
29.9493	62
29.9612	75
29.9732	69
29.9851	58
29.997	75
30.009	77
30.0209	74
30.0329	73
30.0448	77
30.0567	63
30.0687	73
30.0806	81
30.0926	52
30.1045	73
30.1164	71
30.1284	70
30.1403	78
30.1523	64
30.1642	71
30.1761	66
30.1881	70
30.2	68
30.212	61
30.2239	56
30.2358	71
30.2478	76
30.2597	54
30.2717	74
30.2836	71
30.2955	75
30.3075	76
30.3194	56
30.3314	62
30.3433	90
30.3553	61
30.3672	93
30.3791	64
30.3911	53
30.403	77
30.415	67
30.4269	69
30.4388	60
30.4508	83
30.4627	81
30.4747	66
30.4866	99
30.4985	59
30.5105	70
30.5224	77
30.5344	77
30.5463	82
30.5582	79
30.5702	66
30.5821	72
30.5941	71
30.606	68
30.6179	61
30.6299	78
30.6418	62
30.6538	83
30.6657	67
30.6776	54
30.6896	98
30.7015	79
30.7135	84
30.7254	82
30.7373	72
30.7493	76
30.7612	71
30.7732	82
30.7851	67
30.797	63
30.809	85
30.8209	58
30.8329	77
30.8448	73
30.8567	66
30.8687	72
30.8806	78
30.8926	71
30.9045	79
30.9164	68
30.9284	79
30.9403	67
30.9523	64
30.9642	72
30.9761	79
30.9881	90
31	64
31.012	83
31.0239	68
31.0358	68
31.0478	80
31.0597	73
31.0717	80
31.0836	64
31.0956	72
31.1075	74
31.1194	82
31.1314	67
31.1433	83
31.1553	94
31.1672	79
31.1791	88
31.1911	79
31.203	91
31.215	79
31.2269	72
31.2388	84
31.2508	80
31.2627	54
31.2747	71
31.2866	84
31.2985	71
31.3105	83
31.3224	72
31.3344	63
31.3463	73
31.3582	79
31.3702	70
31.3821	72
31.3941	76
31.406	88
31.4179	80
31.4299	71
31.4418	86
31.4538	82
31.4657	80
31.4776	85
31.4896	77
31.5015	69
31.5135	71
31.5254	88
31.5373	62
31.5493	76
31.5612	90
31.5732	83
31.5851	83
31.597	86
31.609	86
31.6209	90
31.6329	76
31.6448	95
31.6567	79
31.6687	84
31.6806	81
31.6926	78
31.7045	90
31.7164	83
31.7284	99
31.7403	84
31.7523	84
31.7642	91
31.7761	80
31.7881	86
31.8	83
31.812	89
31.8239	97
31.8359	86
31.8478	83
31.8597	86
31.8717	92
31.8836	88
31.8956	91
31.9075	88
31.9194	100
31.9314	109
31.9433	96
31.9553	97
31.9672	113
31.9791	120
31.9911	110
32.003	107
32.015	83
32.0269	117
32.0388	104
32.0508	123
32.0627	119
32.0747	108
32.0866	118
32.0985	124
32.1105	113
32.1224	141
32.1344	137
32.1463	119
32.1582	128
32.1702	150
32.1821	97
32.1941	166
32.206	164
32.2179	168
32.2299	186
32.2418	189
32.2538	207
32.2657	218
32.2776	198
32.2896	271
32.3015	280
32.3135	360
32.3254	401
32.3373	455
32.3493	583
32.3612	526
32.3732	587
32.3851	596
32.397	655
32.409	703
32.4209	674
32.4329	790
32.4448	704
32.4567	725
32.4687	738
32.4806	745
32.4926	730
32.5045	708
32.5164	659
32.5284	643
32.5403	570
32.5523	499
32.5642	509
32.5762	443
32.5881	426
32.6	389
32.612	364
32.6239	305
32.6359	274
32.6478	264
32.6597	220
32.6717	229
32.6836	193
32.6956	186
32.7075	183
32.7194	152
32.7314	135
32.7433	156
32.7553	163
32.7672	139
32.7791	106
32.7911	117
32.803	133
32.815	128
32.8269	111
32.8388	129
32.8508	127
32.8627	97
32.8747	102
32.8866	110
32.8985	107
32.9105	124
32.9224	97
32.9344	115
32.9463	108
32.9582	108
32.9702	111
32.9821	106
32.9941	121
33.006	127
33.0179	104
33.0299	139
33.0418	119
33.0538	117
33.0657	117
33.0776	104
33.0896	121
33.1015	130
33.1135	117
33.1254	115
33.1373	113
33.1493	107
33.1612	90
33.1732	109
33.1851	99
33.197	96
33.209	114
33.2209	110
33.2329	99
33.2448	69
33.2567	95
33.2687	93
33.2806	91
33.2926	96
33.3045	89
33.3165	99
33.3284	84
33.3403	71
33.3523	89
33.3642	76
33.3762	87
33.3881	88
33.4	103
33.412	87
33.4239	84
33.4359	82
33.4478	73
33.4597	68
33.4717	82
33.4836	76
33.4956	82
33.5075	75
33.5194	78
33.5314	76
33.5433	79
33.5553	85
33.5672	65
33.5791	89
33.5911	96
33.603	86
33.615	80
33.6269	91
33.6388	67
33.6508	76
33.6627	76
33.6747	72
33.6866	85
33.6985	97
33.7105	71
33.7224	67
33.7344	75
33.7463	82
33.7582	79
33.7702	78
33.7821	87
33.7941	79
33.806	72
33.8179	82
33.8299	69
33.8418	80
33.8538	84
33.8657	82
33.8776	92
33.8896	92
33.9015	70
33.9135	90
33.9254	104
33.9373	79
33.9493	71
33.9612	77
33.9732	62
33.9851	95
33.997	75
34.009	75
34.0209	99
34.0329	67
34.0448	83
34.0568	75
34.0687	77
34.0806	78
34.0926	69
34.1045	82
34.1165	54
34.1284	75
34.1403	86
34.1523	82
34.1642	70
34.1762	86
34.1881	59
34.2	81
34.212	96
34.2239	88
34.2359	85
34.2478	78
34.2597	99
34.2717	76
34.2836	85
34.2956	83
34.3075	82
34.3194	81
34.3314	87
34.3433	73
34.3553	73
34.3672	78
34.3791	80
34.3911	78
34.403	77
34.415	65
34.4269	81
34.4388	96
34.4508	81
34.4627	69
34.4747	75
34.4866	90
34.4985	102
34.5105	90
34.5224	71
34.5344	77
34.5463	69
34.5582	82
34.5702	79
34.5821	86
34.5941	71
34.606	71
34.6179	79
34.6299	66
34.6418	76
34.6538	70
34.6657	69
34.6776	87
34.6896	82
34.7015	75
34.7135	89
34.7254	83
34.7373	82
34.7493	71
34.7612	69
34.7732	85
34.7851	100
34.7971	66
34.809	96
34.8209	71
34.8329	97
34.8448	77
34.8568	69
34.8687	79
34.8806	87
34.8926	72
34.9045	64
34.9165	74
34.9284	86
34.9403	75
34.9523	73
34.9642	88
34.9762	66
34.9881	74
35	70
35.012	84
35.0239	86
35.0359	74
35.0478	75
35.0597	83
35.0717	74
35.0836	76
35.0956	60
35.1075	65
35.1194	72
35.1314	89
35.1433	75
35.1553	68
35.1672	75
35.1791	77
35.1911	89
35.203	87
35.215	75
35.2269	65
35.2388	71
35.2508	70
35.2627	61
35.2747	75
35.2866	76
35.2985	80
35.3105	77
35.3224	75
35.3344	81
35.3463	85
35.3582	78
35.3702	79
35.3821	74
35.3941	74
35.406	79
35.4179	81
35.4299	75
35.4418	103
35.4538	72
35.4657	89
35.4776	88
35.4896	69
35.5015	75
35.5135	84
35.5254	69
35.5374	76
35.5493	91
35.5612	80
35.5732	76
35.5851	77
35.5971	73
35.609	69
35.6209	91
35.6329	74
35.6448	87
35.6568	86
35.6687	65
35.6806	82
35.6926	84
35.7045	74
35.7165	79
35.7284	83
35.7403	81
35.7523	63
35.7642	63
35.7762	74
35.7881	70
35.8	77
35.812	77
35.8239	92
35.8359	84
35.8478	89
35.8597	76
35.8717	67
35.8836	92
35.8956	71
35.9075	74
35.9194	73
35.9314	67
35.9433	74
35.9553	75
35.9672	76
35.9791	75
35.9911	81
36.003	84
36.015	78
36.0269	71
36.0388	70
36.0508	65
36.0627	80
36.0747	93
36.0866	64
36.0985	64
36.1105	79
36.1224	77
36.1344	65
36.1463	76
36.1582	53
36.1702	63
36.1821	65
36.1941	86
36.206	92
36.2179	84
36.2299	73
36.2418	74
36.2538	97
36.2657	63
36.2777	74
36.2896	90
36.3015	75
36.3135	66
36.3254	91
36.3374	76
36.3493	80
36.3612	91
36.3732	74
36.3851	68
36.3971	71
36.409	73
36.4209	63
36.4329	72
36.4448	87
36.4568	84
36.4687	78
36.4806	77
36.4926	83
36.5045	48
36.5165	84
36.5284	80
36.5403	86
36.5523	63
36.5642	78
36.5762	73
36.5881	86
36.6	58
36.612	62
36.6239	99
36.6359	73
36.6478	78
36.6597	62
36.6717	81
36.6836	74
36.6956	74
36.7075	76
36.7194	82
36.7314	87
36.7433	82
36.7553	80
36.7672	75
36.7791	73
36.7911	78
36.803	78
36.815	87
36.8269	74
36.8388	88
36.8508	70
36.8627	76
36.8747	88
36.8866	72
36.8985	72
36.9105	84
36.9224	74
36.9344	79
36.9463	84
36.9582	78
36.9702	77
36.9821	81
36.9941	73
37.006	82
37.018	77
37.0299	88
37.0418	69
37.0538	88
37.0657	74
37.0777	87
37.0896	72
37.1015	80
37.1135	89
37.1254	75
37.1374	73
37.1493	82
37.1612	67
37.1732	67
37.1851	69
37.1971	82
37.209	78
37.2209	69
37.2329	68
37.2448	72
37.2568	68
37.2687	75
37.2806	94
37.2926	68
37.3045	79
37.3165	71
37.3284	63
37.3403	71
37.3523	73
37.3642	83
37.3762	56
37.3881	80
37.4	60
37.412	74
37.4239	70
37.4359	72
37.4478	81
37.4597	81
37.4717	66
37.4836	67
37.4956	84
37.5075	66
37.5194	81
37.5314	94
37.5433	80
37.5553	89
37.5672	79
37.5791	79
37.5911	78
37.603	76
37.615	66
37.6269	75
37.6388	73
37.6508	79
37.6627	61
37.6747	66
37.6866	84
37.6985	67
37.7105	71
37.7224	72
37.7344	86
37.7463	77
37.7582	79
37.7702	78
37.7821	93
37.7941	78
37.806	70
37.818	75
37.8299	75
37.8418	80
37.8538	66
37.8657	73
37.8777	57
37.8896	97
37.9015	81
37.9135	83
37.9254	74
37.9374	80
37.9493	74
37.9612	67
37.9732	76
37.9851	73
37.9971	82
38.009	67
38.0209	77
38.0329	85
38.0448	76
38.0568	81
38.0687	66
38.0806	77
38.0926	76
38.1045	72
38.1165	71
38.1284	82
38.1403	78
38.1523	78
38.1642	70
38.1762	70
38.1881	77
38.2	66
38.212	71
38.2239	74
38.2359	85
38.2478	71
38.2597	71
38.2717	73
38.2836	78
38.2956	81
38.3075	85
38.3194	86
38.3314	94
38.3433	69
38.3553	69
38.3672	60
38.3791	71
38.3911	80
38.403	67
38.415	94
38.4269	82
38.4388	94
38.4508	75
38.4627	95
38.4747	80
38.4866	60
38.4985	89
38.5105	68
38.5224	76
38.5344	71
38.5463	89
38.5583	84
38.5702	70
38.5821	80
38.5941	70
38.606	74
38.618	73
38.6299	72
38.6418	74
38.6538	76
38.6657	66
38.6777	66
38.6896	69
38.7015	70
38.7135	71
38.7254	78
38.7374	70
38.7493	93
38.7612	76
38.7732	77
38.7851	77
38.7971	79
38.809	77
38.8209	77
38.8329	69
38.8448	71
38.8568	70
38.8687	81
38.8806	68
38.8926	89
38.9045	79
38.9165	74
38.9284	80
38.9403	76
38.9523	55
38.9642	75
38.9762	72
38.9881	79
39	79
39.012	95
39.0239	71
39.0359	83
39.0478	82
39.0597	75
39.0717	81
39.0836	78
39.0956	72
39.1075	86
39.1194	74
39.1314	81
39.1433	65
39.1553	74
39.1672	78
39.1791	77
39.1911	78
39.203	67
39.215	81
39.2269	72
39.2388	83
39.2508	68
39.2627	80
39.2747	80
39.2866	68
39.2986	83
39.3105	79
39.3224	92
39.3344	77
39.3463	71
39.3583	69
39.3702	80
39.3821	79
39.3941	68
39.406	76
39.418	78
39.4299	79
39.4418	73
39.4538	65
39.4657	98
39.4777	75
39.4896	70
39.5015	77
39.5135	75
39.5254	80
39.5374	93
39.5493	78
39.5612	85
39.5732	76
39.5851	80
39.5971	66
39.609	62
39.6209	78
39.6329	78
39.6448	74
39.6568	79
39.6687	71
39.6806	67
39.6926	86
39.7045	93
39.7165	70
39.7284	78
39.7403	64
39.7523	77
39.7642	64
39.7762	64
39.7881	86
39.8	73
39.812	76
39.8239	79
39.8359	72
39.8478	72
39.8597	67
39.8717	85
39.8836	71
39.8956	77
39.9075	86
39.9194	71
39.9314	68
39.9433	75
39.9553	74
39.9672	79
39.9791	74
39.9911	72
40.003	95
40.015	58
40.0269	77
40.0389	79
40.0508	77
40.0627	69
40.0747	88
40.0866	72
40.0986	81
40.1105	88
40.1224	62
40.1344	69
40.1463	77
40.1583	74
40.1702	72
40.1821	69
40.1941	70
40.206	63
40.218	81
40.2299	80
40.2418	79
40.2538	70
40.2657	80
40.2777	86
40.2896	94
40.3015	67
40.3135	62
40.3254	86
40.3374	87
40.3493	78
40.3612	75
40.3732	82
40.3851	75
40.3971	84
40.409	75
40.4209	79
40.4329	71
40.4448	64
40.4568	78
40.4687	67
40.4806	76
40.4926	80
40.5045	65
40.5165	80
40.5284	69
40.5403	69
40.5523	74
40.5642	69
40.5762	71
40.5881	81
40.6	63
40.612	72
40.6239	72
40.6359	70
40.6478	85
40.6597	82
40.6717	77
40.6836	89
40.6956	93
40.7075	60
40.7194	68
40.7314	84
40.7433	75
40.7553	80
40.7672	78
40.7792	66
40.7911	86
40.803	86
40.815	82
40.8269	74
40.8389	76
40.8508	79
40.8627	95
40.8747	77
40.8866	71
40.8986	73
40.9105	72
40.9224	90
40.9344	72
40.9463	67
40.9583	86
40.9702	72
40.9821	70
40.9941	95
41.006	83
41.018	83
41.0299	65
41.0418	82
41.0538	71
41.0657	75
41.0777	80
41.0896	66
41.1015	93
41.1135	92
41.1254	65
41.1374	77
41.1493	86
41.1612	75
41.1732	82
41.1851	67
41.1971	75
41.209	72
41.2209	85
41.2329	66
41.2448	64
41.2568	72
41.2687	81
41.2806	87
41.2926	81
41.3045	85
41.3165	71
41.3284	82
41.3403	83
41.3523	89
41.3642	93
41.3762	77
41.3881	87
41.4	83
41.412	76
41.4239	84
41.4359	87
41.4478	81
41.4597	85
41.4717	99
41.4836	72
41.4956	77
41.5075	77
41.5195	80
41.5314	81
41.5433	73
41.5553	64
41.5672	59
41.5792	81
41.5911	67
41.603	83
41.615	90
41.6269	74
41.6389	98
41.6508	89
41.6627	92
41.6747	76
41.6866	94
41.6986	73
41.7105	67
41.7224	81
41.7344	67
41.7463	83
41.7583	68
41.7702	78
41.7821	77
41.7941	66
41.806	78
41.818	74
41.8299	90
41.8418	70
41.8538	71
41.8657	78
41.8777	93
41.8896	92
41.9015	78
41.9135	75
41.9254	74
41.9374	84
41.9493	80
41.9612	81
41.9732	83
41.9851	81
41.9971	82
42.009	71
42.0209	62
42.0329	96
42.0448	85
42.0568	86
42.0687	81
42.0806	84
42.0926	68
42.1045	54
42.1165	81
42.1284	82
42.1403	69
42.1523	83
42.1642	71
42.1762	80
42.1881	77
42.2	62
42.212	75
42.2239	78
42.2359	73
42.2478	75
42.2598	89
42.2717	69
42.2836	77
42.2956	82
42.3075	81
42.3195	87
42.3314	81
42.3433	73
42.3553	74
42.3672	75
42.3792	81
42.3911	62
42.403	78
42.415	84
42.4269	81
42.4389	80
42.4508	86
42.4627	79
42.4747	81
42.4866	74
42.4986	90
42.5105	58
42.5224	74
42.5344	81
42.5463	90
42.5583	91
42.5702	85
42.5821	86
42.5941	81
42.606	86
42.618	66
42.6299	79
42.6418	83
42.6538	63
42.6657	95
42.6777	80
42.6896	72
42.7015	55
42.7135	70
42.7254	83
42.7374	77
42.7493	70
42.7612	77
42.7732	87
42.7851	100
42.7971	88
42.809	78
42.8209	73
42.8329	81
42.8448	87
42.8568	74
42.8687	78
42.8806	74
42.8926	72
42.9045	74
42.9165	80
42.9284	79
42.9403	81
42.9523	62
42.9642	70
42.9762	77
42.9881	95
43.0001	70
43.012	85
43.0239	77
43.0359	92
43.0478	96
43.0598	62
43.0717	77
43.0836	72
43.0956	71
43.1075	79
43.1195	88
43.1314	80
43.1433	84
43.1553	75
43.1672	75
43.1792	79
43.1911	90
43.203	79
43.215	72
43.2269	77
43.2389	81
43.2508	88
43.2627	65
43.2747	82
43.2866	85
43.2986	88
43.3105	81
43.3224	81
43.3344	64
43.3463	85
43.3583	92
43.3702	75
43.3821	81
43.3941	62
43.406	80
43.418	81
43.4299	71
43.4418	97
43.4538	71
43.4657	78
43.4777	77
43.4896	72
43.5015	86
43.5135	80
43.5254	73
43.5374	77
43.5493	68
43.5612	83
43.5732	77
43.5851	75
43.5971	89
43.609	74
43.6209	89
43.6329	83
43.6448	81
43.6568	68
43.6687	88
43.6806	82
43.6926	82
43.7045	93
43.7165	82
43.7284	79
43.7404	71
43.7523	69
43.7642	85
43.7762	84
43.7881	65
43.8001	77
43.812	70
43.8239	88
43.8359	81
43.8478	74
43.8598	75
43.8717	83
43.8836	78
43.8956	78
43.9075	80
43.9195	77
43.9314	92
43.9433	82
43.9553	84
43.9672	93
43.9792	95
43.9911	76
44.003	82
44.015	76
44.0269	87
44.0389	84
44.0508	82
44.0627	97
44.0747	85
44.0866	77
44.0986	107
44.1105	92
44.1224	91
44.1344	85
44.1463	73
44.1583	78
44.1702	97
44.1821	70
44.1941	91
44.206	89
44.218	97
44.2299	63
44.2418	75
44.2538	87
44.2657	77
44.2777	64
44.2896	89
44.3015	58
44.3135	87
44.3254	91
44.3374	68
44.3493	72
44.3612	69
44.3732	78
44.3851	84
44.3971	64
44.409	72
44.4209	81
44.4329	104
44.4448	77
44.4568	89
44.4687	93
44.4807	80
44.4926	95
44.5045	91
44.5165	94
44.5284	99
44.5404	91
44.5523	77
44.5642	86
44.5762	78
44.5881	81
44.6001	64
44.612	96
44.6239	80
44.6359	78
44.6478	96
44.6598	77
44.6717	89
44.6836	70
44.6956	61
44.7075	82
44.7195	77
44.7314	76
44.7433	104
44.7553	77
44.7672	88
44.7792	62
44.7911	88
44.803	80
44.815	70
44.8269	88
44.8389	74
44.8508	73
44.8627	69
44.8747	86
44.8866	72
44.8986	81
44.9105	80
44.9224	88
44.9344	70
44.9463	71
44.9583	72
44.9702	69
44.9821	75
44.9941	71
45.006	71
45.018	81
45.0299	66
45.0418	99
45.0538	72
45.0657	89
45.0777	69
45.0896	78
45.1015	88
45.1135	63
45.1254	76
45.1374	93
45.1493	87
45.1612	75
45.1732	72
45.1851	81
45.1971	93
45.209	83
45.2209	79
45.2329	82
45.2448	63
45.2568	69
45.2687	67
45.2807	81
45.2926	88
45.3045	80
45.3165	74
45.3284	66
45.3404	75
45.3523	76
45.3642	90
45.3762	83
45.3881	67
45.4001	68
45.412	66
45.4239	68
45.4359	86
45.4478	83
45.4598	73
45.4717	68
45.4836	85
45.4956	71
45.5075	83
45.5195	80
45.5314	88
45.5433	83
45.5553	102
45.5672	75
45.5792	78
45.5911	105
45.603	86
45.615	42
45.6269	69
45.6389	80
45.6508	75
45.6627	99
45.6747	73
45.6866	92
45.6986	70
45.7105	93
45.7224	69
45.7344	78
45.7463	81
45.7583	82
45.7702	91
45.7821	92
45.7941	75
45.806	91
45.818	87
45.8299	82
45.8418	82
45.8538	73
45.8657	79
45.8777	73
45.8896	70
45.9015	92
45.9135	80
45.9254	85
45.9374	71
45.9493	83
45.9612	80
45.9732	66
45.9851	89
45.9971	86
46.009	67
46.021	76
46.0329	77
46.0448	88
46.0568	67
46.0687	72
46.0807	66
46.0926	80
46.1045	85
46.1165	89
46.1284	85
46.1404	82
46.1523	77
46.1642	87
46.1762	83
46.1881	89
46.2001	89
46.212	83
46.2239	82
46.2359	69
46.2478	86
46.2598	80
46.2717	63
46.2836	77
46.2956	76
46.3075	67
46.3195	65
46.3314	78
46.3433	74
46.3553	89
46.3672	69
46.3792	66
46.3911	72
46.403	75
46.415	69
46.4269	80
46.4389	74
46.4508	88
46.4627	91
46.4747	88
46.4866	69
46.4986	92
46.5105	67
46.5224	78
46.5344	82
46.5463	78
46.5583	87
46.5702	86
46.5821	86
46.5941	65
46.606	69
46.618	71
46.6299	85
46.6418	72
46.6538	70
46.6657	71
46.6777	69
46.6896	66
46.7015	71
46.7135	73
46.7254	74
46.7374	69
46.7493	78
46.7613	77
46.7732	92
46.7851	84
46.7971	75
46.809	84
46.821	71
46.8329	85
46.8448	87
46.8568	85
46.8687	68
46.8807	83
46.8926	81
46.9045	82
46.9165	83
46.9284	71
46.9404	81
46.9523	70
46.9642	82
46.9762	90
46.9881	77
47.0001	90
47.012	82
47.0239	84
47.0359	83
47.0478	72
47.0598	90
47.0717	77
47.0836	87
47.0956	73
47.1075	106
47.1195	68
47.1314	76
47.1433	81
47.1553	90
47.1672	96
47.1792	67
47.1911	76
47.203	89
47.215	88
47.2269	70
47.2389	93
47.2508	87
47.2627	77
47.2747	81
47.2866	85
47.2986	81
47.3105	82
47.3224	77
47.3344	85
47.3463	84
47.3583	77
47.3702	89
47.3821	96
47.3941	81
47.406	86
47.418	80
47.4299	79
47.4418	89
47.4538	71
47.4657	77
47.4777	74
47.4896	79
47.5016	69
47.5135	83
47.5254	85
47.5374	78
47.5493	87
47.5613	76
47.5732	82
47.5851	72
47.5971	65
47.609	75
47.621	50
47.6329	73
47.6448	77
47.6568	82
47.6687	78
47.6807	85
47.6926	77
47.7045	92
47.7165	79
47.7284	83
47.7404	88
47.7523	79
47.7642	83
47.7762	71
47.7881	62
47.8001	75
47.812	69
47.8239	70
47.8359	72
47.8478	85
47.8598	85
47.8717	74
47.8836	79
47.8956	75
47.9075	84
47.9195	73
47.9314	88
47.9433	73
47.9553	98
47.9672	80
47.9792	87
47.9911	92
48.003	98
48.015	89
48.0269	72
48.0389	80
48.0508	63
48.0627	87
48.0747	67
48.0866	78
48.0986	82
48.1105	67
48.1224	82
48.1344	72
48.1463	88
48.1583	87
48.1702	75
48.1821	65
48.1941	85
48.206	78
48.218	87
48.2299	78
48.2419	75
48.2538	67
48.2657	94
48.2777	77
48.2896	70
48.3016	76
48.3135	82
48.3254	67
48.3374	102
48.3493	70
48.3613	85
48.3732	90
48.3851	75
48.3971	61
48.409	70
48.421	92
48.4329	79
48.4448	90
48.4568	81
48.4687	97
48.4807	82
48.4926	84
48.5045	73
48.5165	69
48.5284	83
48.5404	81
48.5523	84
48.5642	71
48.5762	74
48.5881	84
48.6001	82
48.612	85
48.6239	92
48.6359	73
48.6478	84
48.6598	77
48.6717	82
48.6836	78
48.6956	89
48.7075	58
48.7195	92
48.7314	77
48.7433	87
48.7553	67
48.7672	79
48.7792	77
48.7911	89
48.803	86
48.815	68
48.8269	87
48.8389	78
48.8508	96
48.8627	83
48.8747	94
48.8866	83
48.8986	61
48.9105	76
48.9224	73
48.9344	72
48.9463	97
48.9583	87
48.9702	88
48.9822	69
48.9941	91
49.006	74
49.018	59
49.0299	71
49.0419	72
49.0538	86
49.0657	73
49.0777	86
49.0896	73
49.1016	100
49.1135	72
49.1254	70
49.1374	70
49.1493	81
49.1613	79
49.1732	78
49.1851	71
49.1971	76
49.209	75
49.221	71
49.2329	84
49.2448	84
49.2568	82
49.2687	59
49.2807	82
49.2926	91
49.3045	79
49.3165	78
49.3284	83
49.3404	67
49.3523	65
49.3642	90
49.3762	80
49.3881	80
49.4001	90
49.412	73
49.4239	65
49.4359	85
49.4478	81
49.4598	66
49.4717	86
49.4836	78
49.4956	79
49.5075	85
49.5195	102
49.5314	74
49.5433	89
49.5553	74
49.5672	84
49.5792	85
49.5911	84
49.603	76
49.615	95
49.6269	86
49.6389	80
49.6508	76
49.6627	82
49.6747	75
49.6866	106
49.6986	85
49.7105	72
49.7225	79
49.7344	68
49.7463	91
49.7583	74
49.7702	77
49.7822	93
49.7941	69
49.806	74
49.818	86
49.8299	77
49.8419	68
49.8538	75
49.8657	86
49.8777	95
49.8896	72
49.9016	77
49.9135	83
49.9254	76
49.9374	76
49.9493	77
49.9613	72
49.9732	79
49.9851	83
49.9971	81
50.009	74
50.021	77
50.0329	59
50.0448	81
50.0568	63
50.0687	84
50.0807	79
50.0926	90
50.1045	88
50.1165	84
50.1284	83
50.1404	86
50.1523	86
50.1642	73
50.1762	82
50.1881	93
50.2001	82
50.212	95
50.2239	68
50.2359	83
50.2478	80
50.2598	76
50.2717	87
50.2836	90
50.2956	86
50.3075	66
50.3195	89
50.3314	73
50.3433	85
50.3553	71
50.3672	63
50.3792	76
50.3911	65
50.403	88
50.415	97
50.4269	63
50.4389	79
50.4508	70
50.4628	92
50.4747	99
50.4866	85
50.4986	90
50.5105	97
50.5225	86
50.5344	84
50.5463	82
50.5583	96
50.5702	81
50.5822	78
50.5941	82
50.606	86
50.618	82
50.6299	78
50.6419	78
50.6538	86
50.6657	87
50.6777	78
50.6896	92
50.7016	87
50.7135	90
50.7254	80
50.7374	90
50.7493	95
50.7613	87
50.7732	64
50.7851	86
50.7971	83
50.809	93
50.821	75
50.8329	72
50.8448	75
50.8568	74
50.8687	57
50.8807	82
50.8926	75
50.9045	94
50.9165	82
50.9284	89
50.9404	87
50.9523	77
50.9642	90
50.9762	80
50.9881	76
51.0001	92
51.012	76
51.0239	90
51.0359	73
51.0478	69
51.0598	73
51.0717	93
51.0836	65
51.0956	75
51.1075	76
51.1195	89
51.1314	85
51.1433	95
51.1553	89
51.1672	79
51.1792	85
51.1911	74
51.2031	95
51.215	76
51.2269	96
51.2389	72
51.2508	77
51.2628	81
51.2747	91
51.2866	76
51.2986	65
51.3105	87
51.3225	91
51.3344	80
51.3463	87
51.3583	79
51.3702	63
51.3822	83
51.3941	70
51.406	79
51.418	86
51.4299	78
51.4419	71
51.4538	92
51.4657	83
51.4777	99
51.4896	75
51.5016	70
51.5135	85
51.5254	91
51.5374	108
51.5493	76
51.5613	93
51.5732	86
51.5851	87
51.5971	92
51.609	85
51.621	73
51.6329	76
51.6448	74
51.6568	79
51.6687	75
51.6807	82
51.6926	91
51.7045	86
51.7165	80
51.7284	85
51.7404	96
51.7523	80
51.7642	74
51.7762	76
51.7881	79
51.8001	72
51.812	85
51.8239	84
51.8359	97
51.8478	70
51.8598	65
51.8717	81
51.8836	69
51.8956	80
51.9075	68
51.9195	85
51.9314	91
51.9434	72
51.9553	92
51.9672	78
51.9792	78
51.9911	79
52.0031	91
52.015	99
52.0269	81
52.0389	70
52.0508	82
52.0628	67
52.0747	78
52.0866	84
52.0986	81
52.1105	80
52.1225	96
52.1344	92
52.1463	88
52.1583	69
52.1702	81
52.1822	82
52.1941	81
52.206	89
52.218	78
52.2299	76
52.2419	81
52.2538	94
52.2657	100
52.2777	79
52.2896	83
52.3016	88
52.3135	81
52.3254	98
52.3374	78
52.3493	71
52.3613	75
52.3732	84
52.3851	91
52.3971	81
52.409	85
52.421	80
52.4329	86
52.4448	81
52.4568	91
52.4687	86
52.4807	93
52.4926	71
52.5045	92
52.5165	72
52.5284	75
52.5404	88
52.5523	89
52.5642	98
52.5762	93
52.5881	89
52.6001	84
52.612	90
52.6239	79
52.6359	85
52.6478	82
52.6598	83
52.6717	74
52.6836	83
52.6956	85
52.7075	88
52.7195	95
52.7314	92
52.7434	88
52.7553	79
52.7672	69
52.7792	75
52.7911	80
52.8031	78
52.815	75
52.8269	85
52.8389	71
52.8508	88
52.8628	74
52.8747	85
52.8866	76
52.8986	80
52.9105	104
52.9225	106
52.9344	68
52.9463	91
52.9583	93
52.9702	80
52.9822	84
52.9941	83
53.006	84
53.018	91
53.0299	74
53.0419	85
53.0538	81
53.0657	98
53.0777	81
53.0896	92
53.1016	85
53.1135	83
53.1254	90
53.1374	76
53.1493	78
53.1613	93
53.1732	78
53.1851	85
53.1971	90
53.209	75
53.221	80
53.2329	62
53.2448	81
53.2568	82
53.2687	87
53.2807	84
53.2926	100
53.3045	73
53.3165	85
53.3284	87
53.3404	84
53.3523	99
53.3642	86
53.3762	109
53.3881	104
53.4001	92
53.412	79
53.4239	83
53.4359	89
53.4478	72
53.4598	105
53.4717	76
53.4837	103
53.4956	101
53.5075	78
53.5195	92
53.5314	77
53.5434	101
53.5553	80
53.5672	88
53.5792	85
53.5911	90
53.6031	84
53.615	87
53.6269	98
53.6389	84
53.6508	82
53.6628	87
53.6747	91
53.6866	88
53.6986	99
53.7105	98
53.7225	96
53.7344	82
53.7463	110
53.7583	82
53.7702	79
53.7822	88
53.7941	84
53.806	89
53.818	79
53.8299	86
53.8419	97
53.8538	94
53.8657	93
53.8777	93
53.8896	97
53.9016	94
53.9135	94
53.9254	56
53.9374	78
53.9493	98
53.9613	89
53.9732	79
53.9851	102
53.9971	109
54.009	114
54.021	98
54.0329	114
54.0448	85
54.0568	94
54.0687	104
54.0807	101
54.0926	101
54.1045	84
54.1165	81
54.1284	101
54.1404	96
54.1523	115
54.1642	92
54.1762	109
54.1881	89
54.2001	99
54.212	94
54.224	96
54.2359	92
54.2478	95
54.2598	90
54.2717	81
54.2837	86
54.2956	86
54.3075	97
54.3195	88
54.3314	115
54.3434	80
54.3553	105
54.3672	85
54.3792	95
54.3911	92
54.4031	83
54.415	100
54.4269	95
54.4389	107
54.4508	91
54.4628	98
54.4747	83
54.4866	89
54.4986	86
54.5105	108
54.5225	94
54.5344	105
54.5463	83
54.5583	85
54.5702	111
54.5822	87
54.5941	94
54.606	99
54.618	110
54.6299	113
54.6419	100
54.6538	90
54.6657	95
54.6777	89
54.6896	87
54.7016	75
54.7135	96
54.7254	83
54.7374	85
54.7493	87
54.7613	90
54.7732	87
54.7851	88
54.7971	93
54.809	81
54.821	94
54.8329	88
54.8448	99
54.8568	87
54.8687	93
54.8807	101
54.8926	84
54.9045	114
54.9165	101
54.9284	91
54.9404	89
54.9523	87
54.9643	87
54.9762	92
54.9881	88
55.0001	96
55.012	79
55.024	87
55.0359	95
55.0478	76
55.0598	77
55.0717	86
55.0837	82
55.0956	96
55.1075	112
55.1195	102
55.1314	80
55.1434	111
55.1553	95
55.1672	102
55.1792	89
55.1911	89
55.2031	97
55.215	92
55.2269	89
55.2389	103
55.2508	97
55.2628	83
55.2747	84
55.2866	90
55.2986	87
55.3105	87
55.3225	88
55.3344	92
55.3463	102
55.3583	94
55.3702	92
55.3822	82
55.3941	89
55.406	102
55.418	93
55.4299	94
55.4419	85
55.4538	93
55.4657	86
55.4777	96
55.4896	100
55.5016	76
55.5135	79
55.5254	107
55.5374	121
55.5493	102
55.5613	105
55.5732	104
55.5851	111
55.5971	99
55.609	106
55.621	96
55.6329	116
55.6448	107
55.6568	106
55.6687	81
55.6807	96
55.6926	116
55.7046	125
55.7165	94
55.7284	106
55.7404	102
55.7523	112
55.7643	125
55.7762	148
55.7881	122
55.8001	139
55.812	148
55.824	115
55.8359	132
55.8478	121
55.8598	108
55.8717	122
55.8837	121
55.8956	116
55.9075	93
55.9195	107
55.9314	103
55.9434	113
55.9553	92
55.9672	120
55.9792	115
55.9911	107
56.0031	83
56.015	103
56.0269	94
56.0389	96
56.0508	100
56.0628	84
56.0747	95
56.0866	98
56.0986	84
56.1105	94
56.1225	105
56.1344	96
56.1463	95
56.1583	90
56.1702	110
56.1822	109
56.1941	106
56.206	109
56.218	107
56.2299	114
56.2419	109
56.2538	94
56.2657	98
56.2777	96
56.2896	108
56.3016	102
56.3135	100
56.3254	106
56.3374	104
56.3493	105
56.3613	100
56.3732	117
56.3851	100
56.3971	100
56.409	93
56.421	97
56.4329	123
56.4449	107
56.4568	114
56.4687	99
56.4807	99
56.4926	94
56.5046	101
56.5165	99
56.5284	121
56.5404	108
56.5523	109
56.5643	98
56.5762	99
56.5881	96
56.6001	98
56.612	103
56.624	97
56.6359	92
56.6478	114
56.6598	97
56.6717	91
56.6837	109
56.6956	99
56.7075	100
56.7195	93
56.7314	100
56.7434	91
56.7553	106
56.7672	100
56.7792	97
56.7911	91
56.8031	96
56.815	95
56.8269	102
56.8389	92
56.8508	92
56.8628	115
56.8747	90
56.8866	96
56.8986	96
56.9105	93
56.9225	84
56.9344	94
56.9463	96
56.9583	94
56.9702	84
56.9822	106
56.9941	82
57.006	91
57.018	110
57.0299	97
57.0419	94
57.0538	90
57.0657	104
57.0777	99
57.0896	109
57.1016	99
57.1135	112
57.1254	86
57.1374	91
57.1493	98
57.1613	93
57.1732	103
57.1852	102
57.1971	101
57.209	112
57.221	97
57.2329	94
57.2449	90
57.2568	90
57.2687	105
57.2807	100
57.2926	99
57.3046	91
57.3165	106
57.3284	107
57.3404	94
57.3523	122
57.3643	94
57.3762	120
57.3881	111
57.4001	113
57.412	115
57.424	87
57.4359	117
57.4478	104
57.4598	104
57.4717	95
57.4837	114
57.4956	98
57.5075	89
57.5195	128
57.5314	79
57.5434	96
57.5553	78
57.5672	107
57.5792	100
57.5911	104
57.6031	96
57.615	97
57.6269	111
57.6389	102
57.6508	99
57.6628	114
57.6747	119
57.6866	98
57.6986	97
57.7105	90
57.7225	99
57.7344	98
57.7463	112
57.7583	93
57.7702	101
57.7822	95
57.7941	91
57.806	93
57.818	90
57.8299	106
57.8419	96
57.8538	106
57.8657	95
57.8777	95
57.8896	107
57.9016	99
57.9135	101
57.9255	89
57.9374	89
57.9493	105
57.9613	101
57.9732	99
57.9852	109
57.9971	104
58.009	112
58.021	100
58.0329	111
58.0449	102
58.0568	103
58.0687	102
58.0807	107
58.0926	93
58.1046	114
58.1165	113
58.1284	85
58.1404	114
58.1523	94
58.1643	101
58.1762	102
58.1881	105
58.2001	105
58.212	127
58.224	107
58.2359	95
58.2478	95
58.2598	98
58.2717	103
58.2837	118
58.2956	96
58.3075	99
58.3195	108
58.3314	127
58.3434	95
58.3553	114
58.3672	100
58.3792	99
58.3911	108
58.4031	115
58.415	101
58.4269	123
58.4389	108
58.4508	89
58.4628	105
58.4747	90
58.4866	104
58.4986	110
58.5105	104
58.5225	99
58.5344	89
58.5463	105
58.5583	100
58.5702	103
58.5822	95
58.5941	125
58.606	111
58.618	122
58.6299	96
58.6419	88
58.6538	106
58.6658	102
58.6777	96
58.6896	88
58.7016	97
58.7135	118
58.7255	115
58.7374	120
58.7493	117
58.7613	114
58.7732	114
58.7852	98
58.7971	106
58.809	93
58.821	104
58.8329	130
58.8449	121
58.8568	95
58.8687	96
58.8807	97
58.8926	94
58.9046	97
58.9165	104
58.9284	108
58.9404	123
58.9523	113
58.9643	109
58.9762	117
58.9881	110
59.0001	108
59.012	120
59.024	118
59.0359	108
59.0478	89
59.0598	120
59.0717	90
59.0837	110
59.0956	105
59.1075	108
59.1195	114
59.1314	114
59.1434	109
59.1553	109
59.1672	113
59.1792	121
59.1911	122
59.2031	111
59.215	130
59.2269	105
59.2389	109
59.2508	107
59.2628	111
59.2747	96
59.2866	106
59.2986	121
59.3105	114
59.3225	100
59.3344	100
59.3463	127
59.3583	114
59.3702	87
59.3822	101
59.3941	111
59.4061	106
59.418	115
59.4299	115
59.4419	117
59.4538	107
59.4658	141
59.4777	120
59.4896	122
59.5016	140
59.5135	127
59.5255	120
59.5374	110
59.5493	112
59.5613	106
59.5732	93
59.5852	116
59.5971	103
59.609	114
59.621	144
59.6329	115
59.6449	106
59.6568	124
59.6687	118
59.6807	125
59.6926	114
59.7046	107
59.7165	125
59.7284	113
59.7404	114
59.7523	102
59.7643	117
59.7762	110
59.7881	128
59.8001	126
59.812	107
59.824	121
59.8359	119
59.8478	109
59.8598	126
59.8717	117
59.8837	127
59.8956	110
59.9075	113
59.9195	114
59.9314	114
59.9434	118
59.9553	123
59.9672	130
59.9792	132
59.9911	131
60.0031	124
